176
4243.14 -6506.32 109.381 0 
4201.18 -6415.61 109.381 0 
4129.57 -6262.85 109.381 0 
4066.05 -6055.03 109.381 0 
4032.66 -5918.78 109.381 0 
3994.16 -5768.39 109.381 0 
3969.96 -5637.61 109.381 0 
3949.42 -5499.97 109.381 0 
3929.47 -5338.79 109.381 0 
3928.47 -5332.88 109.394 0 
3927.46 -5326.97 109.409 0 
3926.46 -5321.06 109.426 0 
3925.46 -5315.15 109.445 0 
3924.46 -5309.24 109.466 0 
3923.46 -5303.33 109.49 0 
3922.45 -5297.42 109.514 0 
3921.45 -5291.51 109.541 0 
3920.45 -5285.6 109.568 0 
3919.45 -5279.69 109.597 0 
3918.44 -5273.78 109.627 0 
3917.44 -5267.87 109.658 0 
3916.44 -5261.96 109.69 0 
3915.44 -5256.04 109.722 0 
3914.43 -5250.13 109.755 0 
3913.43 -5244.22 109.788 0 
3912.43 -5238.31 109.821 0 
3911.43 -5232.4 109.854 0 
3910.42 -5226.49 109.888 0 
3909.42 -5220.58 109.921 0 
3908.42 -5214.67 109.953 0 
3907.42 -5208.76 109.985 0 
3906.41 -5202.85 110.017 0 
3905.41 -5196.94 110.047 0 
3904.41 -5191.03 110.077 0 
3903.41 -5185.12 110.105 0 
3902.4 -5179.21 110.132 0 
3901.4 -5173.3 110.158 0 
3900.4 -5167.39 110.182 0 
3899.4 -5161.48 110.204 0 
3898.39 -5155.57 110.225 0 
3897.39 -5149.66 110.244 0 
3896.39 -5143.75 110.26 0 
3895.39 -5137.84 110.274 0 
3894.38 -5131.93 110.286 0 
3893.38 -5126.02 110.295 0 
3892.38 -5120.11 110.301 0 
3891.38 -5114.2 110.304 0 
3890.37 -5108.29 110.305 0 
3889.37 -5102.38 110.305 0 
3888.37 -5096.47 110.305 0 
3887.37 -5090.56 110.305 0 
3886.36 -5084.65 110.305 0 
3885.36 -5078.74 110.305 0 
3884.36 -5072.83 110.305 0 
3883.36 -5066.92 110.305 0 
3882.35 -5061.01 110.305 0 
3881.35 -5055.1 110.305 0 
3880.35 -5049.19 110.305 0 
3879.35 -5043.28 110.305 0 
3878.35 -5037.37 110.305 0 
3877.37 -5031.69 110.305 0 
3876.57 -5027.09 110.47 0 
3875.57 -5021.29 110.539 0 
3874.57 -5015.49 110.608 0 
3873.26 -5007.94 110.518 0 
3871.74 -4999.07 110.608 0 
3870.73 -4993.16 110.669 0 
3858.93 -4923.63 111.38 0 
3858.19 -4919.22 111.426 0 
3857.69 -4916.26 111.456 0 
3856.7 -4910.34 111.516 0 
3855.71 -4904.42 111.577 0 
3855.2 -4901.46 111.577 0 
3854.68 -4898.75 111.578 0 
3854.01 -4895.58 111.579 0 
3853.35 -4892.66 111.579 0 
3852.63 -4889.75 111.58 0 
3851.86 -4886.85 111.581 0 
3851.11 -4884.19 111.582 0 
3850.18 -4881.09 111.583 0 
3849.26 -4878.23 111.585 0 
3848.3 -4875.4 111.586 0 
3847.29 -4872.58 111.587 0 
3846.31 -4870.01 111.589 0 
3845.13 -4867.02 111.59 0 
3843.98 -4864.28 111.592 0 
3842.78 -4861.56 111.594 0 
3841.55 -4858.86 111.595 0 
3840.37 -4856.4 111.597 0 
3838.94 -4853.55 111.6 0 
3837.56 -4850.93 111.603 0 
3836.15 -4848.34 111.606 0 
3834.69 -4845.78 111.61 0 
3833.31 -4843.45 111.613 0 
3831.65 -4840.75 111.618 0 
3830.06 -4838.29 111.623 0 
3828.43 -4835.85 111.629 0 
3826.76 -4833.44 111.635 0 
3825.19 -4831.26 111.641 0 
3823.3 -4828.73 111.649 0 
3821.51 -4826.42 111.657 0 
3819.69 -4824.15 111.665 0 
3817.82 -4821.91 111.674 0 
3816.06 -4819.89 111.684 0 
3813.97 -4817.55 111.695 0 
3811.98 -4815.42 111.706 0 
3809.96 -4813.33 111.718 0 
3807.91 -4811.27 111.731 0 
3805.98 -4809.41 111.743 0 
3803.69 -4807.28 111.758 0 
3801.53 -4805.34 111.773 0 
3799.33 -4803.44 111.788 0 
3797.1 -4801.58 111.804 0 
3795.02 -4799.9 111.82 0 
3792.54 -4797.98 111.838 0 
3790.21 -4796.24 111.857 0 
3787.85 -4794.54 111.875 0 
3785.46 -4792.89 111.895 0 
3783.24 -4791.4 111.913 0 
3780.59 -4789.7 111.935 0 
3778.12 -4788.17 111.957 0 
3775.61 -4786.69 111.978 0 
3773.07 -4785.25 112.001 0 
3770.51 -4783.85 112.024 0 
3767.92 -4782.49 112.047 0 
3765.52 -4781.28 112.069 0 
3762.67 -4779.91 112.095 0 
3760.01 -4778.69 112.117 0 
3757.32 -4777.51 112.139 0 
3754.61 -4776.38 112.16 0 
3752.1 -4775.37 112.178 0 
3749.13 -4774.24 112.198 0 
3746.35 -4773.24 112.215 0 
3743.56 -4772.29 112.231 0 
3740.74 -4771.38 112.246 0 
3738.14 -4770.59 112.259 0 
3735.06 -4769.7 112.272 0 
3732.19 -4768.93 112.282 0 
3729.47 -4768.22 112.213 0 
3723.58 -4766.89 112.299 0 
3720.58 -4766.25 112.306 0 
3717.35 -4765.64 112.314 0 
3714.67 -4765.26 112.313 0 
3708.75 -4764.6 112.316 0 
3699.8 -4763.62 112.33 0 
3693.84 -4762.97 112.339 0 
3687.87 -4762.31 112.343 0 
3675.69 -4760.95 112.322 0 
3651.47 -4758.25 112.186 0 
3627.42 -4755.57 111.979 0 
3600.6 -4752.58 111.745 0 
3591.35 -4751.55 111.679 0 
3582.36 -4750.54 111.628 0 
3576.38 -4749.87 111.603 0 
3567.41 -4748.87 111.582 0 
3558.47 -4747.87 111.579 0 
3552.5 -4747.21 111.579 0 
3543.56 -4746.22 111.579 0 
3534.61 -4745.22 111.746 0 
3522.69 -4743.9 111.579 0 
3507.78 -4742.24 111.579 0 
3483.6 -4739.55 111.531 0 
3468.32 -4737.86 111.502 0 
3456.26 -4736.52 111.494 0 
3444.18 -4735.18 111.501 0 
3429.08 -4733.5 111.527 0 
3420.27 -4732.52 111.55 0 
3410.98 -4731.49 111.575 1
3401.95 -4730.48 111.568 0 
3390.16 -4729.17 111.577 0 
3380.93 -4728.14 111.604 0 
3374.69 -4727.45 111.612 0 
3368.68 -4726.78 111.61 0 
3362.91 -4726.14 111.616 0 
3356.68 -4725.45 111.633 0 
3350.7 -4724.78 111.658 0 
