2245
193.196 -603.836 16.7565 0 
198.621 -603.068 16.7568 4 
206.386 -601.174 16.7568 4 
211.34 -599.369 16.7568 4 
216.264 -597.179 16.7568 4 
222.739 -593.657 16.7568 4 
227.006 -591.886 16.7568 4 
231.457 -590.47 16.7568 4 
235.958 -589.536 16.7568 4 
240.527 -588.915 16.7568 4 
246.168 -588.762 16.7568 4 
263.189 -588.682 16.7568 4 
273.188 -588.715 16.7568 4 
300.213 -588.653 16.7568 4 
317.262 -588.685 16.7568 4 
340.173 -588.709 16.7568 4 
351.176 -588.759 16.7568 4 
360.197 -588.681 16.7568 4 
386.19 -588.72 16.7568 4 
406.297 -588.723 16.5253 4 
418.14 -588.781 15.5151 4 
429.421 -588.716 14.5614 4 
434.95 -588.733 14.4154 4 
440.333 -588.484 14.3949 4 
445.58 -587.8 14.3949 4 
450.847 -586.563 14.3954 4 
455.973 -584.972 14.3945 4 
460.952 -582.898 14.3945 4 
463.432 -581.644 14.3945 4 
465.745 -580.437 14.3952 4 
469.748 -578.305 14.3961 4 
474.107 -576.57 14.3952 4 
478.483 -575.156 14.3952 4 
483.009 -574.17 14.3952 4 
487.606 -573.554 14.3952 4 
492.265 -573.336 14.3952 4 
496.838 -573.516 14.3952 4 
501.469 -574.159 14.3952 4 
508.16 -575.79 14.3952 4 
510.362 -576.541 14.3952 4 
512.574 -577.477 14.3952 4 
516.787 -579.39 14.3952 4 
520.566 -581.557 14.3952 4 
524.506 -584.317 14.3952 4 
527.995 -587.188 14.3962 4 
531.35 -590.58 14.3952 4 
534.365 -594.164 14.3952 4 
537.098 -598.078 14.3952 4 
539.252 -601.844 14.3952 4 
541.249 -606.118 14.3952 4 
542.793 -610.4 14.3943 4 
544.022 -614.985 14.3952 4 
544.852 -619.6 14.3952 4 
545.239 -624.32 14.3952 4 
545.205 -628.616 14.3943 4 
544.824 -633.274 14.3972 4 
544.026 -637.797 14.3953 4 
542.784 -642.357 14.3953 4 
541.227 -646.799 14.3953 4 
539.177 -651.055 14.3953 4 
536.937 -655.208 14.3389 4 
534.711 -660.214 14.2442 4 
533.022 -665.195 14.2022 4 
531.894 -669.266 14.4271 4 
531.029 -676.884 14.4222 0 
529.693 -688.516 14.4183 0 
528.831 -696.193 14.4159 0 
528.06 -703.982 14.4334 0 
527.353 -711.72 14.4119 0 
526.611 -719.5 14.431 0 
525.905 -727.265 14.409 0 
525.251 -735.022 14.4276 0 
524.863 -739.122 14.408 0 
524.151 -746.921 14.4271 0 
523.394 -754.683 14.4071 0 
522.623 -762.447 14.4276 0 
521.926 -770.246 14.4076 0 
521.071 -781.854 14.4281 0 
520.545 -789.76 14.4076 0 
519.865 -797.983 14.4276 0 
519.181 -806.477 14.4071 0 
518.564 -814.912 14.4261 0 
518.025 -822.557 14.4271 0 
517.491 -829.303 14.4076 0 
516.844 -837.15 14.4083 0 
516.538 -845.12 14.4222 0 
516.577 -849.04 14.4217 0 
516.614 -856.875 14.4102 0 
516.598 -864.768 14.4096 0 
516.555 -868.66 14.4215 0 
516.581 -875.642 14.423 0 
516.695 -886.552 14.6469 0 
516.967 -894.406 14.9167 0 
517.327 -902.503 15.3317 0 
517.712 -910.642 15.8253 0 
517.818 -914.899 16.1249 0 
518.248 -923.057 16.7108 0 
518.135 -927.185 17.0081 0 
517.978 -931.188 17.3188 0 
517.925 -935.131 17.6237 0 
517.779 -939.057 17.9376 0 
517.845 -942.975 18.2477 0 
517.737 -953.222 19.0892 0 
517.821 -972.178 20.6472 0 
517.849 -1003.35 23.0883 0 
517.856 -1021.44 24.3937 0 
517.861 -1029.36 24.9081 0 
517.916 -1039.83 25.5119 0 
517.824 -1050.72 26.1388 0 
518.021 -1062.44 26.869 0 
518.419 -1074.37 27.5243 0 
519.177 -1090.05 28.016 0 
519.332 -1097.94 28.0751 0 
519.215 -1109.66 28.11 0 
519.238 -1115.3 28.2061 0 
519.238 -1127.4 28.2162 0 
519.308 -1138.7 28.3517 0 
519.301 -1151.03 28.3925 0 
519.389 -1159.36 28.3922 0 
519.408 -1168.11 28.3722 0 
519.1 -1172.15 28.3724 0 
518.483 -1176.4 28.3265 0 
517.813 -1179.56 28.3731 0 
516.65 -1182.93 28.3231 0 
515.642 -1185.48 28.3942 0 
513.444 -1188.37 28.318 0 
511.193 -1191.42 28.3153 0 
508.796 -1194.15 28.3151 0 
506.483 -1196.3 28.3148 0 
503.433 -1198.57 28.3124 0 
500.707 -1199.68 28.309 0 
496.834 -1200.72 28.3041 0 
494.482 -1201.13 28.3007 0 
492.205 -1201.46 28.2977 0 
489.456 -1201.69 28.2924 0 
480.81 -1202.21 28.2765 0 
472.229 -1202.34 28.2636 0 
460.655 -1202.28 28.2642 0 
449.48 -1202.09 28.3271 0 
446.682 -1201.97 28.323 0 
437.479 -1201.73 28.293 0 
428.335 -1201.51 28.4766 0 
425.176 -1201.44 28.5952 0 
419.201 -1201.33 28.9336 0 
416.704 -1201.25 29.1238 0 
409.805 -1201.01 29.6943 0 
404.286 -1200.86 30.2231 0 
392.247 -1200.59 31.5444 0 
389.34 -1200.48 31.8906 0 
383.349 -1200.34 32.6045 0 
377.315 -1200.13 33.3145 0 
371.12 -1199.85 34.0459 0 
365.412 -1199.53 34.6973 0 
359.517 -1199.25 35.3047 0 
353.369 -1198.93 35.8699 0 
347.885 -1198.76 36.292 0 
341.723 -1198.64 36.6768 0 
339.111 -1198.64 36.7908 0 
335.376 -1198.65 36.9404 0 
329.304 -1198.62 37.0439 0 
323.302 -1198.63 37.0469 0 
318.113 -1198.64 37.0483 0 
314.965 -1198.55 37.0472 0 
311.241 -1198.63 37.0482 0 
302.906 -1198.66 37.0472 0 
300.234 -1198.67 37.0472 0 
296.562 -1198.67 37.0482 0 
293.378 -1198.65 37.0482 0 
288.145 -1198.64 37.0482 0 
285.628 -1198.67 37.0482 0 
282.431 -1198.65 37.0482 0 
278.372 -1198.64 37.0472 0 
273.376 -1198.58 37.0482 0 
268.122 -1198.64 37.0479 0 
263.381 -1198.61 37.0472 0 
257.881 -1198.59 37.0482 0 
252.643 -1198.59 37.0482 0 
247.06 -1198.64 37.0482 0 
243.68 -1198.62 37.0482 1
241.986 -1198.6 37.0482 0 
240.584 -1198.65 37.0482 0 
238.404 -1198.63 37.0472 0 
234.365 -1198.65 37.0472 0 
231.554 -1198.64 37.0472 0 
229.636 -1198.65 37.0472 0 
222.972 -1198.58 37.0477 0 
209.301 -1198.58 37.0454 0 
203.322 -1198.6 37.0459 0 
197.316 -1198.58 37.0454 0 
191.31 -1198.56 37.0459 0 
185.356 -1198.72 37.0459 0 
179.27 -1198.81 37.0449 0 
173.263 -1199.18 36.956 0 
167.244 -1199.57 36.8125 0 
161.35 -1200.08 36.8115 0 
149.267 -1201.08 36.8105 0 
137.337 -1202.01 36.7094 0 
119.223 -1203.49 36.687 0 
107.302 -1204.57 36.5488 0 
95.2699 -1205.76 36.5488 0 
77.1155 -1207.53 36.5489 0 
68.7337 -1208.29 36.5489 0 
59.3909 -1209.07 36.5489 0 
47.1751 -1209.98 36.5479 0 
38.1399 -1210.55 36.5494 0 
29.0364 -1210.97 36.5499 0 
23.1067 -1211.18 36.5489 0 
17.3968 -1211.31 36.5494 0 
11.1331 -1211.35 36.5494 0 
-1.00168 -1211.34 36.5533 0 
-30.9575 -1211.32 36.5524 0 
-66.8071 -1211.32 36.5505 0 
-90.8103 -1211.3 36.5506 0 
-114.743 -1211.34 36.5491 0 
-133.04 -1211.41 36.5491 0 
-150.732 -1211.78 36.5496 0 
-162.88 -1212.18 36.5501 0 
-174.982 -1212.46 36.5503 0 
-192.82 -1212.58 36.5507 0 
-224.586 -1212.66 36.5503 0 
-246.819 -1212.75 36.5498 0 
-258.788 -1212.73 36.5503 0 
-270.784 -1212.61 36.5509 0 
-282.855 -1212.68 36.4816 0 
-294.795 -1212.58 35.9386 0 
-306.812 -1212.64 34.9738 0 
-318.816 -1212.7 33.7394 0 
-330.803 -1212.65 32.3898 0 
-339.962 -1212.64 31.2204 0 
-348.831 -1212.66 29.9186 0 
-360.714 -1212.72 28.3122 0 
-366.824 -1212.71 27.7384 0 
-372.853 -1212.77 27.4415 0 
-378.788 -1212.76 27.3649 0 
-384.808 -1212.78 27.3644 0 
-396.904 -1212.73 27.2448 0 
-402.767 -1212.75 27.1857 0 
-409.072 -1212.74 27.1045 0 
-414.595 -1212.79 27.0331 0 
-420.743 -1212.83 26.956 0 
-426.485 -1212.88 26.938 0 
-432.679 -1212.89 26.9152 0 
-438.88 -1212.89 26.8564 0 
-444.636 -1212.95 26.9673 0 
-447.644 -1212.86 27.1259 0 
-456.162 -1212.86 27.6494 0 
-461.995 -1212.86 28.0117 0 
-467.813 -1212.84 28.28 0 
-473.621 -1212.86 28.3457 0 
-479.601 -1213.05 28.2241 0 
-485.549 -1213.71 27.9536 0 
-488.61 -1214.26 27.7524 0 
-491.575 -1215.09 27.5551 0 
-494.119 -1215.8 27.3842 0 
-499.459 -1217.76 27.0571 0 
-502.308 -1219.23 26.8862 0 
-507.293 -1222.25 26.6201 0 
-512.352 -1225.94 26.2553 0 
-515.971 -1229.46 25.9526 0 
-520.539 -1234.07 25.602 0 
-524.356 -1238.53 25.3413 0 
-527.859 -1243.63 25.186 0 
-529.735 -1247.01 25.0805 0 
-532.18 -1252.47 24.9321 0 
-534.632 -1257.98 24.9057 0 
-537.068 -1263.43 24.9057 0 
-539.579 -1268.92 24.9057 0 
-542.041 -1274.38 24.9057 0 
-544.478 -1279.86 24.9057 0 
-546.928 -1285.26 24.9057 0 
-549.434 -1290.78 24.9062 1
-551.865 -1296.3 24.9072 0 
-554.308 -1301.74 24.9052 0 
-556.789 -1307.18 24.9043 0 
-559.3 -1312.67 24.8965 0 
-561.781 -1318.11 24.7368 0 
-564.132 -1323.65 24.4101 0 
-566.66 -1329.03 23.9756 0 
-569.161 -1334.47 23.4746 0 
-571.779 -1339.88 22.9721 0 
-572.779 -1342.12 22.8092 0 
-580.312 -1358.48 21.7643 0 
-585.162 -1369.44 21.2828 0 
-595.119 -1391.31 20.1271 0 
-602.485 -1407.74 19.3356 0 
-607.465 -1418.67 18.8151 0 
-612.228 -1429.67 18.2682 0 
-616.782 -1440.88 17.674 0 
-618.804 -1446.56 17.3351 0 
-620.606 -1452.51 16.9269 0 
-621.843 -1458.54 16.5402 0 
-622.918 -1464.61 16.2467 0 
-623.424 -1470.73 16.0123 0 
-623.486 -1477.08 15.8405 0 
-623.345 -1482.99 15.6115 0 
-622.944 -1501.03 14.8741 0 
-622.745 -1513.07 14.3488 0 
-622.369 -1531.0 13.5221 0 
-621.763 -1549.01 12.8864 4 
-621.221 -1565.87 12.2263 4 
-621.828 -1572.97 12.2263 4 
-622.92 -1583.0 12.2258 4 
-623.168 -1591.06 12.2258 4 
-623.889 -1600.15 12.2258 4 
-624.781 -1604.08 12.2258 4 
-626.337 -1609.16 12.2268 4 
-630.29 -1617.64 12.2185 4 
-640.001 -1634.47 10.7116 4 
-658.936 -1667.3 7.39588 4 
-673.971 -1693.32 5.28942 4 
-688.77 -1718.88 3.07697 4 
-699.695 -1737.94 1.15429 4 
-708.679 -1753.48 -0.416525 4 
-717.261 -1768.22 -1.64895 4 
-721.025 -1774.92 -1.64798 4 
-723.505 -1780.32 -1.64798 4 
-725.794 -1787.35 -1.64798 4 
-727.075 -1792.67 -1.64896 4 
-727.955 -1801.18 -1.64896 4 
-728.037 -1815.27 -1.64799 4 
-728.002 -1843.11 -2.31347 4 
-728.005 -1863.22 -4.07205 4 
-727.979 -1887.96 -6.23221 4 
-728.034 -1907.78 -7.54798 4 
-728.056 -1922.82 -8.86419 4 
-728.018 -1937.61 -10.1581 4 
-727.96 -1947.58 -11.0292 4 
-728.116 -1957.41 -11.2503 4 
-728.564 -1962.16 -11.2484 4 
-729.26 -1966.8 -11.2494 4 
-730.218 -1971.47 -11.2484 4 
-731.398 -1976.14 -11.2494 4 
-733.257 -1981.57 -11.2494 4 
-737.984 -1994.7 -11.2484 4 
-743.169 -2008.83 -11.2484 4 
-748.326 -2022.98 -11.2484 4 
-753.428 -2036.96 -11.2484 4 
-756.901 -2046.49 -11.2484 4 
-760.245 -2055.83 -11.2484 4 
-762.027 -2060.57 -11.2474 4 
-765.461 -2069.86 -11.2484 4 
-767.896 -2076.91 -11.2484 4 
-769.326 -2082.07 -11.2484 4 
-770.28 -2087.47 -11.2484 4 
-770.8 -2093.04 -11.2474 4 
-770.834 -2098.26 -11.2484 4 
-770.309 -2103.59 -11.2493 4 
-769.564 -2108.53 -11.2474 4 
-769.123 -2113.22 -11.2493 4 
-769.09 -2115.51 -11.2474 4 
-769.125 -2117.75 -11.2484 4 
-769.241 -2120.13 -11.2484 4 
-769.528 -2122.54 -11.2484 4 
-769.872 -2124.73 -11.2484 4 
-770.302 -2127.12 -11.2484 4 
-770.857 -2129.31 -11.2493 4 
-771.576 -2131.7 -11.2474 4 
-773.986 -2138.33 -10.8131 4 
-775.679 -2143.03 -10.3776 4 
-777.409 -2147.73 -9.93814 4 
-779.11 -2152.39 -9.50552 4 
-780.79 -2157.08 -9.06899 4 
-784.162 -2166.24 -8.84785 4 
-785.867 -2170.94 -8.84785 4 
-787.55 -2175.68 -8.84785 4 
-789.221 -2180.4 -8.84785 4 
-790.997 -2185.08 -8.84785 4 
-793.372 -2191.47 -8.84688 4 
-795.399 -2196.05 -8.84786 4 
-797.534 -2199.74 -8.84786 4 
-800.373 -2203.87 -8.84883 4 
-804.937 -2209.13 -8.84786 4 
-812.068 -2215.29 -9.06899 4 
-819.721 -2221.73 -9.94204 4 
-827.276 -2228.14 -10.8092 4 
-838.833 -2237.69 -12.1201 4 
-846.509 -2244.11 -12.996 4 
-856.246 -2252.25 -13.6478 4 
-860.46 -2255.86 -13.6473 4 
-864.578 -2259.62 -13.6473 4 
-868.174 -2263.68 -13.6473 4 
-871.543 -2268.15 -13.6473 4 
-874.363 -2273.11 -13.6454 4 
-877.169 -2280.3 -13.6448 4 
-880.576 -2289.61 -13.6458 4 
-885.784 -2303.74 -13.6458 4 
-896.104 -2331.91 -13.6468 4 
-900.237 -2343.76 -13.6458 5
-904.563 -2355.4 -13.6468 4 
-907.458 -2365.29 -13.6473 4 
-908.182 -2373.89 -13.6473 4 
-907.858 -2382.17 -13.6473 4 
-907.005 -2387.64 -13.6463 4 
-904.832 -2398.18 -13.6478 4 
-899.793 -2411.24 -13.6488 4 
-895.796 -2417.66 -13.6488 4 
-889.744 -2425.55 -13.6478 4 
-886.323 -2431.03 -13.6478 4 
-883.425 -2437.73 -13.6478 4 
-881.284 -2444.56 -13.6478 4 
-880.144 -2453.63 -13.6478 4 
-880.276 -2460.64 -13.6488 4 
-881.972 -2469.79 -13.6468 4 
-885.069 -2478.77 -13.6487 4 
-895.291 -2506.99 -11.2797 4 
-905.411 -2534.82 -9.32604 4 
-910.627 -2548.94 -9.32506 4 
-914.652 -2560.09 -9.32506 4 
-916.298 -2563.77 -9.32506 4 
-917.933 -2566.71 -9.32604 4 
-920.427 -2570.69 -9.32408 4 
-923.138 -2574.41 -9.32604 4 
-926.237 -2577.76 -9.32408 4 
-931.218 -2582.2 -9.32604 4 
-941.222 -2590.57 -9.32507 4 
-960.453 -2606.66 -9.32508 4 
-968.056 -2613.13 -9.32411 4 
-979.567 -2622.66 -9.32509 4 
-992.581 -2633.63 -9.32412 4 
-1006.32 -2645.18 -9.32559 4 
-1017.99 -2653.34 -9.32462 4 
-1024.57 -2656.76 -9.32462 4 
-1031.02 -2659.3 -9.32462 4 
-1036.1 -2661.19 -9.32462 4 
-1043.73 -2664.24 -9.3256 4 
-1047.23 -2666.0 -9.32462 4 
-1051.05 -2668.47 -9.32462 4 
-1055.73 -2671.93 -9.32462 4 
-1059.28 -2675.37 -9.3256 4 
-1065.93 -2683.25 -9.32315 4 
-1073.48 -2692.15 -9.32315 4 
-1081.95 -2702.24 -9.3251 4 
-1091.71 -2713.86 -9.32413 4 
-1104.42 -2728.99 -9.32413 5
-1110.92 -2736.79 -9.32413 4 
-1117.45 -2744.5 -9.32324 4 
-1120.69 -2748.28 -9.32324 4 
-1124.03 -2751.9 -9.32324 4 
-1126.93 -2754.59 -9.32373 4 
-1129.86 -2756.92 -9.32324 4 
-1133.15 -2759.28 -9.32373 4 
-1135.75 -2761.69 -9.32324 4 
-1138.13 -2764.24 -9.32422 4 
-1140.86 -2767.36 -9.32346 4 
-1144.76 -2771.26 -9.32346 4 
-1147.79 -2773.84 -9.32346 4 
-1150.88 -2776.27 -9.32443 4 
-1158.1 -2780.58 -9.32346 4 
-1162.95 -2782.71 -9.32346 4 
-1170.39 -2785.23 -9.32343 4 
-1174.39 -2786.16 -9.32294 4 
-1178.3 -2786.81 -9.32343 4 
-1182.34 -2787.14 -9.32294 4 
-1186.26 -2787.32 -9.32343 4 
-1191.63 -2787.03 -9.32392 4 
-1197.47 -2786.31 -9.3244 4 
-1201.67 -2785.79 -9.3244 4 
-1206.18 -2785.58 -9.32294 4 
-1210.82 -2785.84 -9.32343 4 
-1214.3 -2786.13 -9.32294 4 
-1217.69 -2786.84 -9.32343 4 
-1222.29 -2788.0 -9.32343 4 
-1226.19 -2789.48 -9.32345 4 
-1232.72 -2792.66 -9.32345 4 
-1236.61 -2795.19 -9.32345 4 
-1242.04 -2799.54 -9.32443 4 
-1245.33 -2802.81 -9.32297 4 
-1248.09 -2806.19 -9.32348 4 
-1252.05 -2812.09 -9.32348 4 
-1255.96 -2820.49 -9.32348 4 
-1257.95 -2827.22 -9.32348 4 
-1259.17 -2836.19 -9.32351 4 
-1258.99 -2843.18 -9.32351 4 
-1257.98 -2850.09 -9.32351 4 
-1256.09 -2856.3 -9.32449 4 
-1254.14 -2860.97 -9.32354 4 
-1251.93 -2865.08 -9.32403 4 
-1249.47 -2869.01 -9.32403 4 
-1246.76 -2872.6 -9.32354 4 
-1243.63 -2876.04 -9.32305 4 
-1240.22 -2879.21 -9.32354 4 
-1232.47 -2885.58 -9.32403 4 
-1221.1 -2895.32 -9.32354 4 
-1215.59 -2899.82 -9.32356 4 
-1211.75 -2902.58 -9.32307 4 
-1207.74 -2904.9 -9.32405 4 
-1201.24 -2907.72 -9.32356 4 
-1194.57 -2909.62 -9.32307 4 
-1187.85 -2910.74 -9.32408 4 
-1183.23 -2910.91 -9.32359 4 
-1178.65 -2910.71 -9.32359 4 
-1173.99 -2910.15 -9.32408 4 
-1171.58 -2909.68 -9.32359 4 
-1167.13 -2908.4 -9.32359 4 
-1160.81 -2906.0 -9.32361 4 
-1156.68 -2903.82 -9.32313 4 
-1152.78 -2901.33 -9.32361 4 
-1147.33 -2897.03 -9.32361 4 
-1144.04 -2893.72 -9.32361 4 
-1139.73 -2888.36 -9.32364 4 
-1137.25 -2884.4 -9.32364 4 
-1135.12 -2880.38 -9.32364 4 
-1133.25 -2876.07 -9.32364 4 
-1131.3 -2869.26 -9.32315 4 
-1130.31 -2862.53 -9.32318 4 
-1130.09 -2857.82 -9.32367 4 
-1130.35 -2853.27 -9.32367 4 
-1130.91 -2848.68 -9.32416 4 
-1132.52 -2841.85 -9.32367 4 
-1134.95 -2834.6 -9.32416 4 
-1136.15 -2829.41 -9.32367 4 
-1136.68 -2825.6 -9.32416 4 
-1136.92 -2821.3 -9.32367 4 
-1137.01 -2817.47 -9.32367 4 
-1136.83 -2813.22 -9.32367 4 
-1136.09 -2807.78 -9.32413 4 
-1135.03 -2802.76 -9.32364 4 
-1133.46 -2797.68 -9.32364 4 
-1131.93 -2793.96 -9.32364 4 
-1130.07 -2790.19 -9.32413 4 
-1127.4 -2785.43 -9.32364 4 
-1122.92 -2779.47 -9.32364 0 
-1119.58 -2775.21 -9.32373 4 
-1116.97 -2770.73 -9.32422 4 
-1114.88 -2766.15 -9.32422 4 
-1112.09 -2761.91 -9.32422 4 
-1106.16 -2754.43 -9.32373 4 
-1099.37 -2746.34 -9.32413 4 
-1083.37 -2727.26 -9.32364 4 
-1067.23 -2708.14 -9.32413 5
-1054.38 -2692.88 -9.32413 4 
-1045.03 -2681.6 -9.32462 4 
-1042.37 -2677.94 -9.32413 4 
-1039.57 -2674.63 -9.32462 4 
-1036.19 -2671.47 -9.32462 4 
-1032.24 -2669.09 -9.32364 4 
-1027.88 -2667.22 -9.32511 4 
-1023.13 -2665.43 -9.32364 4 
-1018.32 -2663.17 -9.32559 4 
-1013.73 -2660.76 -9.32462 4 
-1009.22 -2657.98 -9.32462 4 
-1002.87 -2653.46 -9.32462 4 
-928.026 -2590.51 -9.32458 4 
-920.292 -2583.85 -9.32457 4 
-916.637 -2579.77 -9.32457 4 
-912.441 -2574.2 -9.32457 4 
-909.132 -2568.63 -9.32457 4 
-906.737 -2563.33 -9.32408 4 
-904.286 -2556.6 -9.32457 4 
-899.138 -2542.43 -9.32457 4 
-894.149 -2528.58 -9.53896 4 
-882.886 -2497.75 -12.4105 4 
-879.43 -2488.38 -13.2845 4 
-875.942 -2478.8 -13.6473 4 
-873.646 -2471.9 -13.6473 4 
-872.114 -2464.05 -13.6473 4 
-871.593 -2458.03 -13.6473 4 
-871.713 -2453.24 -13.6473 4 
-872.262 -2447.36 -13.6473 4 
-873.201 -2441.86 -13.6478 4 
-874.623 -2436.98 -13.6468 4 
-876.272 -2432.5 -13.6473 4 
-878.264 -2428.21 -13.6473 4 
-881.202 -2422.89 -13.6468 4 
-884.613 -2418.2 -13.6473 4 
-888.769 -2412.72 -13.6478 4 
-892.122 -2407.1 -13.6473 4 
-895.094 -2400.6 -13.6473 4 
-897.197 -2394.03 -13.6473 4 
-898.284 -2387.01 -13.6473 4 
-898.129 -2382.37 -13.6473 4 
-897.139 -2377.89 -13.6473 4 
-895.585 -2373.88 -13.6468 4 
-893.027 -2367.61 -13.6468 4 
-890.384 -2360.55 -13.6458 4 
-888.611 -2355.86 -13.6468 4 
-880.172 -2332.37 -13.6463 4 
-866.522 -2294.89 -13.6312 5
-859.907 -2276.36 -13.6468 4 
-858.488 -2272.11 -13.6473 4 
-857.113 -2267.98 -13.6473 4 
-856.029 -2265.58 -13.6468 4 
-854.393 -2263.07 -13.6473 4 
-852.251 -2260.25 -13.6473 4 
-841.066 -2250.65 -12.999 4 
-818.083 -2231.36 -10.3737 4 
-806.721 -2221.76 -9.07387 4 
-801.084 -2217.12 -8.84737 4 
-795.419 -2211.29 -8.84786 4 
-792.152 -2206.94 -8.84737 4 
-789.179 -2202.45 -8.84688 4 
-786.737 -2197.63 -8.84737 4 
-779.577 -2178.57 -8.84688 4 
-776.13 -2169.16 -8.84736 4 
-772.832 -2160.04 -9.06509 4 
-769.345 -2150.76 -9.93032 4 
-767.6 -2145.98 -10.3756 4 
-763.502 -2134.34 -11.2484 4 
-762.064 -2129.08 -11.2484 4 
-761.271 -2124.93 -11.2484 4 
-760.744 -2120.87 -11.2484 4 
-760.593 -2115.54 -11.2484 4 
-760.778 -2110.12 -11.2484 4 
-761.536 -2104.66 -11.2489 4 
-762.128 -2100.44 -11.2479 4 
-762.296 -2095.88 -11.2484 4 
-762.079 -2090.95 -11.2484 4 
-761.591 -2086.47 -11.2484 4 
-760.49 -2081.99 -11.2484 4 
-753.981 -2063.32 -11.2484 4 
-743.805 -2035.3 -11.2479 4 
-735.202 -2011.66 -11.2479 4 
-730.091 -1997.65 -11.2479 4 
-726.27 -1987.42 -11.2474 4 
-723.275 -1978.48 -11.2484 4 
-721.589 -1972.22 -11.2474 4 
-720.42 -1965.85 -11.2479 4 
-719.882 -1961.93 -11.2484 4 
-719.628 -1957.94 -11.2484 4 
-719.39 -1947.54 -11.0268 4 
-719.47 -1927.51 -9.27386 4 
-719.424 -1907.67 -7.53968 4 
-719.489 -1877.88 -5.35428 4 
-719.495 -1853.04 -3.18065 4 
-719.433 -1838.1 -1.87353 4 
-719.51 -1818.38 -1.64896 4 
-719.445 -1805.32 -1.64847 4 
-719.36 -1800.15 -1.64896 4 
-719.051 -1796.49 -1.64798 4 
-718.572 -1793.34 -1.64896 4 
-717.756 -1789.5 -1.64847 4 
-717.085 -1787.37 -1.64896 4 
-716.296 -1785.11 -1.64847 4 
-714.545 -1780.92 -1.64896 4 
-712.378 -1776.69 -1.64846 4 
-707.389 -1768.07 -1.46145 4 
-689.976 -1737.66 1.60229 4 
-679.908 -1720.51 3.34064 4 
-667.607 -1699.09 5.28942 4 
-660.145 -1686.12 5.91784 4 
-646.773 -1662.91 8.26204 4 
-637.691 -1647.3 9.84101 4 
-635.195 -1643.14 10.2648 4 
-631.816 -1637.11 10.8698 4 
-624.262 -1624.16 12.1003 4 
-621.622 -1619.47 12.2263 4 
-619.174 -1614.04 12.2263 4 
-617.362 -1609.54 12.2258 4 
-616.005 -1603.71 12.2258 4 
-615.136 -1598.87 12.2268 4 
-614.802 -1596.28 12.2263 4 
-614.604 -1593.2 12.2263 4 
-614.639 -1591.06 12.2268 4 
-614.555 -1588.22 12.2263 4 
-614.829 -1582.99 12.2261 4 
-615.31 -1578.64 12.2263 4 
-615.564 -1575.8 12.2266 4 
-616.049 -1570.93 12.2273 4 
-616.294 -1560.58 12.428 4 
-616.698 -1548.77 12.8951 4 
-617.105 -1536.8 13.3204 0 
-617.421 -1524.78 13.8131 0 
-617.623 -1512.85 14.358 0 
-617.905 -1500.86 14.8805 0 
-618.143 -1488.8 15.379 0 
-618.418 -1476.92 15.8448 0 
-618.312 -1471.02 16.0114 0 
-617.755 -1465.3 16.2448 0 
-616.856 -1459.48 16.5397 0 
-615.688 -1453.8 16.9244 0 
-613.974 -1448.25 17.3136 0 
-611.998 -1442.66 17.6764 0 
-609.82 -1437.14 17.9801 0 
-607.547 -1431.78 18.2623 0 
-605.217 -1426.19 18.5218 0 
-600.34 -1415.3 19.056 0 
-595.372 -1404.33 19.553 0 
-592.809 -1398.71 19.85 0 
-583.05 -1377.03 21.0133 0 
-570.777 -1349.73 22.359 0 
-569.404 -1346.82 22.5774 0 
-567.129 -1342.06 23.0123 0 
-564.027 -1336.85 23.4917 0 
-560.622 -1331.74 23.9956 0 
-555.523 -1324.24 24.6025 0 
-552.423 -1318.92 24.8484 0 
-548.318 -1310.97 24.905 0 
-536.021 -1283.65 24.9006 0 
-528.638 -1267.25 24.9035 1
-526.174 -1261.74 24.9057 0 
-525.04 -1258.99 24.9057 0 
-523.978 -1256.25 24.9304 0 
-522.977 -1253.41 25.0166 0 
-521.985 -1250.64 25.1079 0 
-520.799 -1247.37 25.1875 0 
-519.494 -1244.17 25.2539 0 
-518.586 -1242.12 25.3364 0 
-516.79 -1238.39 25.5537 0 
-515.463 -1236.08 25.688 0 
-513.888 -1233.87 25.8379 0 
-512.852 -1232.54 25.9472 0 
-511.196 -1230.86 26.1098 0 
-509.395 -1229.14 26.269 0 
-507.168 -1227.38 26.435 0 
-505.88 -1226.42 26.5483 0 
-503.836 -1225.05 26.685 0 
-500.203 -1223.01 26.8911 0 
-496.192 -1221.11 27.1479 0 
-492.771 -1219.91 27.3833 0 
-487.678 -1218.52 27.7553 0 
-482.126 -1217.6 28.0903 0 
-479.277 -1217.33 28.226 0 
-473.644 -1217.18 28.3481 0 
-467.878 -1217.17 28.2827 0 
-462.005 -1217.14 28.0132 0 
-456.196 -1217.16 27.6543 0 
-450.43 -1217.18 27.2758 0 
-444.589 -1217.19 26.9673 0 
-438.695 -1217.21 26.8508 0 
-432.726 -1217.21 26.9162 0 
-426.532 -1217.17 26.9377 0 
-420.737 -1217.22 26.9592 0 
-414.745 -1217.29 27.0304 0 
-408.718 -1217.4 27.1086 0 
-402.741 -1217.5 27.1867 0 
-396.806 -1217.6 27.2463 0 
-390.571 -1217.59 27.3078 0 
-384.682 -1217.62 27.3644 0 
-378.656 -1217.58 27.3664 0 
-372.765 -1217.56 27.443 0 
-366.845 -1217.58 27.735 0 
-360.684 -1217.53 28.3144 0 
-354.754 -1217.53 29.0587 0 
-348.763 -1217.52 29.9249 0 
-340.836 -1217.52 31.0958 0 
-332.242 -1217.52 32.2179 0 
-324.665 -1217.52 33.0866 0 
-318.784 -1217.52 33.7433 0 
-312.905 -1217.52 34.3717 0 
-306.676 -1217.52 34.9867 0 
-300.747 -1217.52 35.5045 0 
-294.746 -1217.52 35.9435 0 
-288.863 -1217.52 36.2746 0 
-282.882 -1217.51 36.4811 0 
-276.31 -1217.51 36.5502 0 
-264.76 -1217.55 36.5503 0 
-246.767 -1217.44 36.5505 0 
-192.537 -1217.4 36.5507 0 
-174.689 -1217.67 36.551 0 
-162.569 -1217.85 36.5501 0 
-150.724 -1218.28 36.551 0 
-141.578 -1218.44 36.5496 0 
-132.713 -1218.68 36.5491 0 
-124.911 -1218.8 36.5496 0 
-114.697 -1218.82 36.5491 0 
-104.67 -1218.81 36.5501 0 
-90.5955 -1218.72 36.5498 0 
-72.7314 -1218.83 36.55 0 
-60.6293 -1218.76 36.551 0 
-36.5278 -1218.76 36.5522 0 
-6.73386 -1218.76 36.5534 0 
9.91336 -1218.8 36.5504 0 
23.2561 -1218.63 36.5484 0 
35.303 -1218.21 36.5494 0 
47.2991 -1217.47 36.5489 0 
59.2893 -1216.6 36.3658 0 
77.1663 -1215.07 36.5484 0 
101.389 -1212.65 36.5498 0 
119.444 -1210.95 36.6889 0 
131.261 -1209.93 36.6631 0 
137.278 -1209.47 36.7104 0 
149.332 -1208.86 36.8122 0 
167.421 -1209.14 36.8137 0 
185.571 -1209.89 37.0461 0 
197.37 -1209.96 37.0449 0 
209.457 -1209.95 37.0464 0 
222.8 -1209.93 37.0462 0 
237.248 -1209.97 37.0467 0 
244.75 -1209.94 37.0467 0 
252.554 -1209.89 37.0467 0 
264.937 -1209.91 37.0467 0 
284.758 -1209.94 37.1173 1
306.169 -1210.01 37.0467 0 
312.955 -1209.97 37.0462 0 
317.905 -1209.96 37.0467 0 
320.624 -1210.0 37.0469 0 
326.326 -1209.94 37.0449 0 
331.801 -1209.92 37.0015 0 
335.783 -1209.96 36.9224 0 
341.304 -1210.0 36.7012 0 
347.251 -1209.92 36.3428 0 
353.263 -1209.73 35.8774 0 
359.26 -1209.42 35.3271 0 
365.259 -1209.08 34.707 0 
371.341 -1208.74 34.0264 0 
377.342 -1208.38 33.3213 0 
383.307 -1208.14 32.605 0 
389.343 -1207.98 31.8818 0 
395.37 -1207.82 31.1787 0 
401.401 -1207.67 30.5127 0 
407.257 -1207.57 29.9189 0 
413.116 -1207.41 29.3923 0 
419.353 -1207.22 28.9238 0 
425.439 -1207.14 28.7226 0 
431.43 -1207.03 28.3662 0 
437.682 -1207.12 28.292 0 
443.215 -1207.07 28.3147 0 
449.394 -1207.17 28.4297 0 
455.594 -1207.27 28.3515 0 
460.689 -1207.35 28.2871 0 
467.288 -1207.49 28.2636 0 
475.158 -1207.42 28.2656 0 
483.978 -1207.21 28.2826 0 
488.275 -1206.95 28.29 0 
491.842 -1206.7 28.2963 0 
494.8 -1206.2 28.3017 0 
497.824 -1205.69 28.3056 0 
501.745 -1204.65 28.311 0 
504.823 -1203.4 28.3144 0 
507.726 -1201.8 28.3183 0 
510.22 -1199.84 28.3193 0 
512.383 -1197.74 28.3193 0 
515.33 -1194.33 28.3188 0 
519.818 -1188.12 28.3172 0 
521.256 -1184.87 28.327 0 
522.274 -1181.12 28.3412 0 
522.984 -1177.38 28.3534 0 
523.446 -1172.72 28.3709 0 
523.743 -1168.16 28.3719 0 
523.662 -1151.13 28.3714 0 
523.54 -1145.05 28.3641 0 
523.651 -1127.53 28.2166 0 
523.618 -1115.38 28.2069 0 
523.674 -1097.89 28.0555 0 
523.594 -1094.0 28.0409 0 
522.834 -1078.23 27.6844 0 
522.321 -1062.51 26.8553 0 
522.296 -1048.89 26.02 0 
522.301 -1025.35 24.6323 0 
522.272 -1017.54 24.1079 0 
522.3 -1005.78 23.269 0 
522.249 -997.887 22.6762 0 
522.276 -982.154 21.4497 0 
522.258 -974.34 20.8256 0 
522.177 -962.557 19.8569 0 
522.018 -954.698 19.213 0 
522.098 -946.778 18.5647 0 
522.191 -935.067 17.6215 0 
522.422 -927.093 17.0136 0 
523.315 -918.802 16.4207 0 
524.682 -910.382 15.8338 0 
526.367 -902.151 15.3228 0 
528.042 -893.942 14.9122 0 
529.811 -886.166 14.6354 0 
531.244 -878.754 14.465 0 
532.289 -872.191 14.4105 0 
532.43 -864.701 14.4104 0 
532.51 -849.17 14.4106 0 
532.382 -841.164 14.4104 0 
531.215 -824.509 14.4461 0 
530.81 -803.849 14.4476 0 
531.618 -774.687 14.4515 0 
532.74 -751.173 14.4539 0 
534.561 -727.936 14.4593 0 
535.929 -712.46 14.4652 0 
537.068 -700.786 14.4691 0 
537.875 -693.002 14.473 0 
538.758 -685.323 14.4769 0 
540.542 -669.73 14.21 4 
541.927 -665.248 14.2202 4 
543.484 -661.199 14.2842 4 
545.554 -657.093 14.3955 4 
547.577 -653.147 14.3953 4 
548.939 -650.266 14.3953 4 
550.092 -647.427 14.3953 4 
550.878 -644.981 14.3955 4 
551.652 -642.307 14.3955 4 
552.368 -639.545 14.3953 4 
552.839 -637.105 14.3953 4 
553.28 -634.458 14.395 4 
553.513 -631.734 14.3953 4 
553.711 -629.037 14.3948 4 
553.782 -626.3 14.3952 4 
553.724 -623.935 14.3947 4 
553.521 -621.054 14.3952 4 
553.284 -618.566 14.3947 4 
552.899 -615.788 14.3952 4 
552.347 -613.107 14.3952 4 
551.714 -610.427 14.3947 4 
550.923 -607.747 14.3952 4 
550.14 -605.341 14.3952 4 
549.217 -602.887 14.3962 4 
548.093 -600.404 14.3952 4 
546.845 -598.028 14.3952 4 
545.418 -595.447 14.3952 4 
544.271 -593.501 14.3942 4 
542.608 -591.07 14.3952 4 
541.239 -589.104 14.3952 4 
539.413 -586.851 14.3962 4 
537.651 -584.888 14.3962 4 
535.743 -582.936 14.3952 4 
533.787 -580.946 14.3952 4 
531.766 -579.264 14.3962 4 
529.756 -577.573 14.3952 4 
527.52 -575.945 14.3962 4 
525.322 -574.483 14.3962 4 
522.866 -572.988 14.3952 4 
520.885 -571.881 14.3952 4 
518.273 -570.607 14.3962 4 
515.969 -569.567 14.3952 4 
513.254 -568.552 14.3942 4 
510.816 -567.678 14.3952 4 
508.186 -566.917 14.3952 4 
505.276 -566.312 14.3952 4 
502.989 -565.754 14.3962 4 
500.268 -565.357 14.3952 4 
497.6 -565.028 14.3952 4 
495.128 -564.903 14.3962 4 
492.081 -564.815 14.3961 4 
489.846 -564.873 14.3952 4 
486.8 -565.029 14.3942 4 
484.414 -565.246 14.3947 4 
481.533 -565.738 14.3947 4 
478.965 -566.239 14.3961 4 
476.307 -566.951 14.3952 4 
473.589 -567.691 14.3952 4 
471.223 -568.519 14.3952 4 
468.713 -569.463 14.3952 4 
466.254 -570.584 14.3947 4 
463.963 -571.773 14.3952 4 
461.48 -573.126 14.3956 4 
459.492 -574.145 14.3949 4 
457.428 -575.252 14.3949 4 
455.364 -576.107 14.3949 4 
453.162 -576.916 14.3949 4 
451.134 -577.645 14.3949 4 
448.658 -578.407 14.3949 4 
445.399 -579.123 14.3954 4 
442.014 -579.704 14.3969 4 
439.671 -580.065 14.3949 4 
437.345 -580.128 14.3979 4 
433.43 -580.157 14.4447 4 
429.501 -580.153 14.559 4 
423.795 -580.187 14.9775 4 
418.09 -580.133 15.5204 4 
412.302 -580.179 16.0697 4 
406.319 -580.184 16.5258 4 
394.336 -580.208 16.7567 4 
385.145 -580.171 16.7568 4 
375.164 -580.184 16.757 4 
360.221 -580.227 16.7568 4 
349.394 -580.202 16.7568 4 
335.117 -580.183 16.7568 4 
325.173 -580.202 16.7563 4 
305.12 -580.183 16.7572 4 
295.13 -580.183 16.7553 4 
283.118 -580.153 16.7568 4 
270.172 -580.203 16.7568 4 
249.097 -580.189 16.7568 4 
242.694 -580.251 16.7568 4 
239.805 -580.418 16.7568 4 
237.293 -580.661 16.7568 4 
234.487 -581.079 16.7568 4 
232.098 -581.544 16.7568 4 
229.23 -582.261 16.7568 4 
226.663 -583.027 16.7568 4 
224.113 -583.907 16.7568 4 
221.706 -584.833 16.7558 4 
219.174 -585.974 16.7563 4 
216.793 -587.095 16.7568 4 
214.361 -588.472 16.7568 4 
212.281 -589.605 16.7568 4 
210.295 -590.535 16.7568 4 
208.116 -591.548 16.7568 4 
206.062 -592.392 16.7558 4 
203.835 -593.156 16.7568 4 
201.624 -593.808 16.7558 4 
199.262 -594.323 16.7568 4 
197.09 -594.731 16.7568 4 
194.692 -595.147 16.7568 4 
192.544 -595.359 16.7568 4 
190.083 -595.531 16.7568 4 
187.937 -595.586 16.7568 4 
179.588 -595.593 16.7848 4 
174.127 -595.58 16.7849 4 
164.574 -595.598 16.785 4 
159.459 -595.595 16.7849 4 
155.236 -595.602 16.7849 4 
144.713 -595.447 16.799 4 
138.091 -594.408 16.839 4 
135.949 -594.078 16.839 4 
132.706 -592.961 16.798 4 
130.118 -592.05 16.799 4 
126.72 -590.647 16.839 4 
122.256 -588.366 16.8248 4 
118.135 -586.15 16.7849 4 
113.732 -583.768 16.7914 4 
106.141 -580.561 16.7916 4 
99.7311 -577.679 16.7853 4 
95.3958 -575.378 16.7537 4 
88.1321 -571.193 16.7519 4 
82.4069 -567.852 16.7517 4 
73.7175 -562.816 16.7517 4 
68.0172 -559.536 16.7517 4 
65.7898 -558.25 16.7519 4 
60.7334 -555.323 16.7512 4 
56.4598 -552.843 16.7511 4 
52.069 -550.307 16.7517 4 
44.3911 -545.885 16.7521 4 
41.7053 -544.29 16.7517 4 
39.2673 -542.664 16.7517 4 
35.061 -539.75 16.7512 4 
31.1398 -536.825 16.7517 4 
26.9924 -533.814 16.7517 4 
22.8823 -531.024 16.7517 4 
18.7822 -528.527 16.7517 4 
16.2241 -527.148 16.7517 4 
13.8334 -525.894 16.7517 4 
10.8843 -524.714 16.7517 4 
8.86423 -523.88 16.7517 4 
6.37335 -522.963 16.7522 4 
3.6452 -522.22 16.7517 4 
0.565948 -521.538 16.7522 4 
-4.19052 -520.79 16.7517 4 
-6.85828 -520.404 16.7517 4 
-10.0832 -520.235 16.7517 4 
-17.1812 -520.129 16.7517 4 
-27.2595 -520.227 16.7517 4 
-34.1783 -520.177 16.7517 4 
-44.2341 -520.204 16.7517 4 
-57.238 -520.209 16.7517 4 
-67.1522 -520.163 16.7517 4 
-72.2492 -520.18 16.7521 4 
-77.3644 -520.061 16.7511 4 
-82.3957 -519.688 16.7521 4 
-87.2126 -518.93 16.7521 4 
-90.1906 -518.336 16.7526 4 
-94.1068 -517.427 16.7521 4 
-96.5422 -516.554 16.7516 4 
-99.1641 -515.472 16.8287 4 
-105.128 -512.09 16.5472 4 
-114.821 -506.527 15.5696 4 
-125.363 -500.421 14.5043 4 
-139.585 -492.187 13.6746 4 
-155.824 -482.861 12.8683 4 
-161.997 -479.28 12.2743 4 
-167.609 -476.022 11.7064 4 
-174.055 -472.281 11.0543 4 
-191.344 -462.361 9.31085 4 
-199.903 -457.431 8.44659 4 
-204.448 -454.826 8.14881 4 
-206.814 -453.369 8.14857 4 
-208.59 -452.141 8.14857 4 
-212.679 -449.232 8.14808 4 
-215.973 -446.827 8.14857 4 
-220.703 -443.341 8.14808 4 
-224.875 -440.45 8.14857 4 
-227.023 -439.184 8.14808 4 
-237.991 -432.908 8.14806 4 
-250.964 -425.408 8.14709 4 
-263.9 -417.935 8.14855 4 
-267.784 -415.413 8.14855 4 
-271.395 -412.586 8.14855 4 
-274.883 -409.513 8.14855 4 
-278.038 -406.066 8.14855 4 
-282.222 -400.323 8.14953 4 
-285.485 -394.452 8.1476 4 
-286.903 -390.049 8.14857 4 
-287.387 -387.835 8.14857 4 
-287.558 -383.316 8.14955 4 
-287.335 -376.622 8.14955 4 
-287.156 -370.718 8.14959 4 
-287.17 -356.981 8.15008 4 
-287.143 -343.677 8.14959 4 
-287.172 -326.458 8.14813 4 
-287.11 -322.007 8.14959 4 
-287.131 -311.936 8.14984 4 
-287.121 -301.918 8.1491 5
-287.113 -289.949 8.15008 4 
-287.15 -281.89 8.15007 4 
-287.334 -279.247 8.14861 4 
-287.669 -276.726 8.14861 4 
-288.401 -273.78 8.14861 4 
-289.114 -271.094 8.14861 4 
-291.009 -265.922 8.14861 4 
-293.209 -260.766 8.14861 4 
-295.997 -255.857 8.14861 4 
-301.61 -246.623 8.14811 4 
-304.754 -242.412 8.1486 4 
-308.438 -238.503 8.14811 4 
-312.405 -234.805 8.14909 4 
-316.532 -231.622 8.14909 4 
-319.765 -229.541 8.14909 4 
-323.417 -227.371 8.1486 4 
-327.319 -225.309 8.14811 4 
-329.973 -224.002 8.14811 4 
-339.242 -219.985 8.1486 4 
-343.81 -217.937 8.14811 4 
-348.352 -215.558 8.14804 4 
-356.934 -210.565 8.14951 4 
-369.883 -203.089 8.14854 4 
-374.258 -200.5 8.16608 4 
-378.232 -198.359 8.14853 4 
-383.577 -196.038 8.14853 4 
-388.573 -194.576 8.14756 4 
-393.69 -193.479 8.14853 4 
-397.985 -192.878 8.14853 4 
-401.146 -192.74 8.14951 4 
-418.931 -192.669 8.14853 4 
-422.289 -192.63 8.1485 4 
-427.23 -192.615 8.1485 4 
-432.71 -192.616 8.1485 4 
-438.652 -192.598 8.41899 4 
-443.983 -192.627 8.87727 4 
-458.91 -192.659 10.1829 4 
-478.758 -192.559 11.9195 4 
-486.724 -192.55 12.6146 4 
-493.633 -192.656 13.0927 4 
-498.424 -192.35 13.0926 4 
-503.186 -191.793 13.0936 4 
-507.927 -190.717 13.0917 4 
-512.6 -189.366 13.0927 4 
-516.973 -187.445 13.0936 4 
-520.734 -185.533 13.0922 4 
-525.537 -182.693 13.0926 4 
-530.357 -179.916 13.0926 4 
-534.225 -177.676 13.0926 4 
-538.537 -175.129 13.0926 4 
-547.159 -170.162 13.0931 4 
-555.865 -165.116 13.816 4 
-564.483 -160.162 14.6862 4 
-573.157 -155.209 15.5644 4 
-590.382 -145.272 17.3041 4 
-598.877 -140.356 18.0341 4 
-600.644 -139.323 18.0368 4 
-603.067 -137.647 18.0369 4 
-611.177 -131.753 18.0364 4 
-618.226 -126.848 18.0364 4 
-628.133 -120.931 18.0368 4 
-653.943 -105.928 18.0368 4 
-677.651 -92.3243 18.0368 4 
-683.266 -89.7899 18.0363 4 
-690.686 -87.3121 18.0363 4 
-695.94 -86.1479 18.0363 4 
-701.107 -85.4775 18.0368 4 
-707.625 -85.2424 18.0369 4 
-716.363 -85.2926 18.0369 4 
-721.996 -85.4795 18.0374 4 
-727.286 -86.1982 18.0374 4 
-729.655 -86.5687 18.0369 4 
-735.093 -88.1648 18.0374 4 
-740.008 -90.0226 18.0374 4 
-744.836 -92.089 18.0369 4 
-760.331 -100.871 18.0368 4 
-764.989 -102.929 18.0368 4 
-769.88 -104.484 18.0368 4 
-774.627 -106.377 18.0368 4 
-781.423 -109.467 18.0368 4 
-790.452 -114.667 18.0363 4 
-796.712 -118.267 18.0363 4 
-816.099 -129.428 18.0368 4 
-848.519 -148.127 18.0372 5
-865.817 -158.454 18.0372 4 
-871.543 -162.694 18.0372 4 
-875.773 -166.301 18.0372 4 
-879.537 -169.569 18.0382 4 
-883.812 -172.392 18.0372 4 
-898.854 -181.001 18.0368 4 
-911.792 -188.429 18.0368 4 
-928.987 -198.289 18.0368 4 
-943.877 -207.014 18.0368 4 
-948.284 -209.127 18.0368 4 
-952.281 -210.494 18.0368 4 
-957.166 -211.749 18.0353 4 
-960.285 -212.483 18.0368 4 
-964.043 -212.889 18.0368 4 
-973.695 -213.126 18.0368 4 
-988.666 -213.134 18.0368 4 
-999.717 -213.086 18.0368 4 
-1004.89 -213.417 18.0368 4 
-1010.28 -214.177 18.0368 4 
-1015.91 -215.577 18.0368 4 
-1022.23 -217.849 18.0368 4 
-1027.64 -220.283 18.0363 4 
-1033.57 -223.656 18.0373 4 
-1051.08 -233.912 18.0368 4 
-1064.05 -241.252 18.0368 4 
-1077.12 -248.81 18.0363 4 
-1085.63 -253.821 18.0373 4 
-1094.48 -258.884 18.0368 4 
-1106.72 -265.857 18.0368 4 
-1116.03 -271.41 18.0368 4 
-1129.02 -278.932 18.0358 4 
-1137.7 -283.859 18.0358 4 
-1150.69 -291.459 18.0306 4 
-1161.36 -297.64 17.0267 4 
-1167.88 -301.205 16.3773 4 
-1189.28 -313.546 14.2162 4 
-1197.93 -318.686 13.3353 4 
-1211.36 -326.478 13.1316 4 
-1217.41 -329.538 13.1316 4 
-1221.7 -331.0 13.1326 4 
-1223.91 -331.616 13.1316 4 
-1228.59 -332.648 13.1316 4 
-1233.14 -333.238 13.1316 4 
-1237.67 -333.41 13.1326 4 
-1267.83 -333.444 13.1317 4 
-1292.81 -333.377 13.1317 4 
-1307.78 -333.469 13.1317 4 
-1325.28 -333.546 13.1321 4 
-1333.48 -334.474 13.1297 4 
-1338.73 -335.546 13.1316 4 
-1343.84 -337.322 13.1321 4 
-1351.11 -340.501 13.1311 4 
-1355.63 -342.964 13.1321 4 
-1360.1 -345.932 13.1316 4 
-1364.31 -349.532 13.1306 4 
-1368.17 -353.381 13.1316 4 
-1371.63 -357.492 13.1316 4 
-1374.66 -361.873 13.1316 4 
-1377.25 -366.364 13.1316 4 
-1379.56 -371.225 13.1316 4 
-1381.39 -376.486 13.1316 4 
-1382.92 -381.671 13.1316 4 
-1383.88 -386.86 13.1316 4 
-1384.2 -390.479 13.1326 4 
-1384.49 -399.093 13.1298 4 
-1384.23 -411.052 13.1308 4 
-1383.82 -416.609 13.1303 4 
-1382.76 -421.936 13.1308 4 
-1381.13 -427.482 13.1308 4 
-1379.26 -431.962 13.1313 4 
-1342.68 -495.257 13.1313 5
-1336.47 -505.989 13.1323 4 
-1331.14 -514.597 13.1322 4 
-1328.37 -518.61 13.1322 4 
-1325.19 -522.701 13.1322 4 
-1321.73 -526.359 13.1322 4 
-1318.73 -530.474 13.1332 4 
-1317.26 -532.668 13.1332 4 
-1313.5 -538.927 13.132 4 
-1310.7 -542.82 13.132 4 
-1308.23 -545.565 13.132 4 
-1304.49 -548.674 13.132 4 
-1298.57 -552.527 13.131 4 
-1293.75 -554.423 13.132 4 
-1291.84 -554.862 13.131 4 
-1287.51 -555.569 13.131 4 
-1279.89 -555.543 13.1301 4 
-1272.81 -554.907 13.131 4 
-1267.99 -554.767 13.132 4 
-1253.06 -554.634 11.9691 4 
-1243.08 -554.643 11.096 4 
-1226.23 -554.604 9.62114 4 
-1197.04 -554.56 7.06825 4 
-1153.58 -554.674 3.26487 4 
-1148.79 -554.489 2.98557 4 
-1141.99 -555.006 2.95799 4 
-1137.14 -555.703 2.95799 4 
-1132.22 -557.023 2.95897 4 
-1127.59 -558.708 2.95799 4 
-1123.05 -560.715 2.95799 4 
-1118.87 -563.142 2.95898 4 
-1115.06 -565.791 2.95898 4 
-1111.15 -569.044 2.95801 4 
-1106.0 -574.327 2.95703 4 
-1103.15 -578.105 2.95801 4 
-1099.29 -584.283 2.95801 4 
-1095.56 -590.835 2.95801 4 
-1091.69 -597.396 2.95801 4 
-1085.49 -608.074 2.95801 4 
-1042.87 -682.024 2.95802 4 
-1039.28 -688.151 2.95801 4 
-1035.77 -693.142 2.95899 4 
-1031.22 -698.341 2.95801 4 
-1025.05 -703.726 2.95703 4 
-1020.3 -707.084 2.95899 4 
-1014.09 -710.468 2.95802 4 
-1007.07 -713.165 2.95802 4 
-999.227 -715.12 2.95753 4 
-992.971 -715.671 2.95899 4 
-984.111 -715.731 2.95752 4 
-969.629 -715.8 2.95801 4 
-957.022 -715.862 2.95808 4 
-949.081 -716.532 2.95808 4 
-939.094 -717.591 2.95808 4 
-932.153 -718.123 2.95808 4 
-918.883 -717.904 3.15588 4 
-909.198 -717.977 4.00256 4 
-893.8 -718.16 5.3502 4 
-874.211 -718.046 7.06448 4 
-859.253 -718.041 8.373 4 
-847.331 -717.878 9.41597 4 
-839.477 -717.992 9.89403 4 
-829.577 -718.093 9.89501 4 
-814.592 -718.032 9.89599 4 
-808.18 -718.044 9.89501 4 
-801.05 -717.418 9.89598 4 
-793.732 -715.93 9.89598 4 
-788.574 -714.412 9.89598 4 
-783.59 -712.263 9.8955 4 
-777.173 -708.911 9.89598 4 
-770.466 -705.967 9.895 4 
-766.002 -704.544 9.895 4 
-759.615 -703.186 9.89598 4 
-754.6 -702.744 9.89598 4 
-747.328 -702.709 9.89597 4 
-722.191 -702.711 9.895 4 
-702.276 -702.724 9.895 4 
-690.021 -702.624 9.89548 4 
-681.677 -701.812 9.89548 4 
-671.208 -698.953 9.89548 4 
-666.158 -696.995 9.89597 4 
-658.217 -692.491 9.89552 4 
-649.525 -687.418 9.89552 4 
-642.111 -683.177 9.89552 4 
-637.744 -681.212 9.89552 4 
-632.364 -679.361 9.89454 4 
-628.918 -678.481 9.89454 4 
-624.173 -677.685 9.8965 4 
-619.935 -677.286 9.89552 4 
-602.673 -677.277 9.89552 4 
-587.782 -677.221 9.89552 4 
-573.64 -677.394 9.89548 4 
-565.219 -677.616 9.89586 4 
-560.265 -678.47 9.89488 4 
-554.947 -679.485 9.89586 4 
-547.54 -680.429 9.89683 4 
-534.709 -680.577 9.89595 4 
-492.581 -680.674 9.89595 4 
-472.715 -680.614 9.89546 5
-457.649 -680.643 9.89546 4 
-450.24 -680.546 9.8954 4 
-442.74 -679.853 9.89589 4 
-432.636 -678.025 9.8954 4 
-427.662 -677.39 9.8954 4 
-421.586 -677.181 9.89551 4 
-402.661 -677.283 9.89552 4 
-392.929 -677.482 9.89552 4 
-382.76 -677.215 9.89601 4 
-372.909 -677.423 9.89601 4 
-365.8 -678.126 9.89552 4 
-361.027 -678.983 9.89503 4 
-354.238 -680.757 9.91017 4 
-348.729 -682.514 9.89551 4 
-340.192 -685.715 9.90129 4 
-330.848 -689.082 10.5507 4 
-288.806 -704.517 14.468 4 
-283.328 -706.406 14.6959 4 
-272.595 -710.326 14.6955 4 
-269.503 -711.77 14.6959 4 
-266.483 -713.394 14.6959 4 
-260.563 -717.307 14.6955 4 
-256.994 -720.297 14.695 4 
-253.762 -723.537 14.695 4 
-250.727 -727.202 14.6959 4 
-248.696 -730.027 14.6959 4 
-247.053 -732.83 14.6954 4 
-244.927 -736.926 14.6954 4 
-243.117 -741.208 14.6954 4 
-241.71 -745.606 14.6954 4 
-240.251 -752.684 14.6954 4 
-239.071 -757.997 14.6954 4 
-237.175 -764.76 14.6954 4 
-235.028 -771.993 14.6954 4 
-233.643 -777.276 14.6949 4 
-232.259 -784.345 14.6954 4 
-230.668 -789.282 14.6949 4 
-228.738 -793.975 14.6954 4 
-226.312 -798.628 14.6954 4 
-223.51 -803.003 14.6963 4 
-217.086 -810.978 14.9876 4 
-207.531 -822.431 16.2937 4 
-194.767 -837.668 18.0386 4 
-188.305 -845.331 18.9092 4 
-182.177 -852.738 19.6285 4 
-179.163 -856.734 19.639 4 
-176.542 -860.738 19.6395 4 
-174.296 -865.01 19.639 4 
-173.188 -867.345 19.6395 4 
-170.95 -874.037 19.6385 4 
-169.963 -878.727 19.6395 4 
-169.327 -883.555 19.6297 4 
-169.101 -888.373 19.658 4 
-169.286 -893.078 19.6682 4 
-169.53 -895.613 19.7352 4 
-170.368 -900.324 19.8357 4 
-171.646 -904.974 19.9578 4 
-172.402 -907.131 20.0178 4 
-186.879 -946.514 23.7825 0 
-196.329 -972.93 26.7485 0 
-200.305 -983.71 27.5671 0 
-203.302 -991.869 27.988 0 
-208.498 -1006.0 28.3247 0 
-213.516 -1020.04 28.3246 0 
-218.562 -1033.76 28.3244 0 
-222.641 -1044.9 28.3251 1
-225.921 -1053.81 28.1665 0 
-230.025 -1065.08 28.1665 0 
-234.104 -1076.46 28.1644 0 
-240.286 -1093.27 28.1665 0 
-244.3 -1104.38 28.1665 0 
-250.173 -1120.69 28.1663 0 
-251.46 -1124.71 28.1665 0 
-252.446 -1128.73 28.1665 0 
-253.142 -1132.8 28.1665 0 
-253.521 -1136.8 28.1663 0 
-254.664 -1154.84 28.1665 0 
-256.16 -1178.73 28.1665 0 
-256.47 -1184.68 28.1405 0 
-256.99 -1193.46 28.1395 0 
-256.975 -1203.36 28.1415 0 
-256.759 -1214.68 28.0966 0 
-256.443 -1228.61 28.1425 0 
-256.582 -1240.64 28.1425 0 
-256.563 -1254.35 28.368 0 
-256.544 -1276.24 29.5372 0 
-256.486 -1282.03 29.8243 0 
-256.477 -1287.72 30.0518 0 
-256.508 -1293.5 30.2335 0 
-256.463 -1299.36 30.2886 0 
-256.477 -1304.99 30.294 0 
-256.491 -1310.92 30.294 0 
-256.486 -1316.57 30.2945 0 
-256.504 -1322.51 30.296 0 
-256.482 -1328.15 30.295 0 
-256.497 -1334.9 30.2969 0 
-256.491 -1339.76 30.2952 0 
-256.515 -1345.53 30.295 0 
-256.54 -1351.34 30.2952 0 
-256.389 -1357.07 30.295 0 
-256.268 -1362.94 30.295 0 
-256.234 -1368.66 30.295 0 
-256.106 -1374.48 30.2948 0 
-256.062 -1380.19 30.295 0 
-255.759 -1386.08 30.295 0 
-255.548 -1389.58 30.295 0 
-255.312 -1392.64 30.294 0 
-255.037 -1395.61 30.2916 0 
-254.561 -1398.67 30.2892 0 
-253.594 -1403.02 30.2973 0 
-253.214 -1404.61 30.2836 0 
-252.38 -1407.44 30.2062 0 
-251.372 -1410.32 30.1254 0 
-250.217 -1413.15 30.1173 0 
-248.98 -1415.78 30.1088 0 
-247.5 -1418.6 30.1994 0 
-246.122 -1421.17 30.2767 0 
-244.453 -1423.67 30.3065 0 
-242.724 -1426.12 30.3432 0 
-238.938 -1430.84 30.3559 0 
-236.965 -1433.01 30.372 0 
-234.687 -1435.22 30.3627 0 
-229.937 -1439.47 30.35 0 
-225.718 -1442.83 30.372 0 
-221.268 -1446.62 30.4027 0 
-215.995 -1451.02 30.4061 0 
-210.605 -1455.59 30.473 0 
-203.396 -1461.55 30.5438 0 
-199.197 -1465.28 30.5457 0 
-194.555 -1469.04 30.5868 0 
-190.022 -1472.86 30.6927 0 
-185.627 -1476.51 30.848 0 
-181.164 -1480.26 31.0462 0 
-172.297 -1487.78 31.5267 0 
-167.807 -1491.45 31.7884 0 
-163.319 -1495.22 32.0497 0 
-158.871 -1499.05 32.3011 0 
-145.958 -1509.84 33.0101 0 
-137.204 -1517.25 33.2513 0 
-132.591 -1521.17 33.1761 0 
-127.57 -1525.39 33.1122 0 
-123.452 -1528.84 33.0602 0 
-119.251 -1532.38 33.0064 0 
-114.212 -1536.61 32.9417 0 
-109.657 -1540.49 32.8853 0 
-105.169 -1544.21 32.8177 0 
-101.052 -1547.56 32.579 0 
-92.0313 -1555.05 31.8763 0 
-83.0577 -1562.52 31.0287 0 
-78.7039 -1566.25 30.565 0 
-74.2614 -1569.98 30.1036 0 
-69.6954 -1573.75 29.6993 0 
-65.3916 -1577.47 29.3116 0 
-60.9078 -1581.18 28.9731 0 
-56.4636 -1585.0 28.5903 0 
-51.278 -1589.15 28.3521 0 
-46.5827 -1593.23 28.2466 0 
-42.0485 -1596.98 28.2729 0 
-39.4836 -1599.19 28.271 0 
-32.873 -1604.81 28.2959 0 
-28.8131 -1608.13 28.3026 0 
-24.6473 -1611.63 28.2695 0 
-16.318 -1618.64 28.2664 0 
-11.3298 -1622.77 28.2798 0 
-6.74606 -1626.64 28.2886 0 
-2.1452 -1630.47 28.3042 0 
2.55499 -1634.46 28.2983 0 
7.26886 -1638.37 28.2988 0 
11.8841 -1642.32 28.2988 0 
16.64 -1646.27 28.2983 0 
21.347 -1650.19 28.2988 0 
25.9944 -1654.1 28.2983 0 
30.6898 -1658.04 28.2983 0 
35.3377 -1661.93 28.2983 0 
40.0726 -1665.86 28.2983 0 
44.7738 -1669.89 28.3377 0 
49.429 -1673.81 28.2983 0 
54.0946 -1677.66 28.3074 0 
63.4451 -1685.54 28.2983 0 
69.9003 -1691.03 28.2676 0 
74.6375 -1695.23 28.1089 0 
79.0652 -1699.47 28.064 0 
83.3786 -1703.9 28.0584 0 
87.947 -1708.03 28.0545 0 
92.5388 -1712.06 28.0555 0 
97.3415 -1716.11 28.0545 0 
102.061 -1720.08 28.0526 0 
106.841 -1724.1 28.0545 0 
111.554 -1728.01 28.0555 0 
116.172 -1731.9 28.0526 0 
121.025 -1735.97 28.0516 1
125.784 -1740.03 28.0545 0 
130.462 -1743.9 28.0614 0 
135.272 -1747.94 28.0614 0 
140.018 -1751.89 28.0589 0 
144.923 -1755.69 28.0584 0 
149.978 -1759.41 28.0623 0 
154.882 -1763.02 28.0623 0 
159.811 -1766.76 28.0726 0 
164.731 -1770.67 28.0667 0 
169.559 -1774.59 28.0824 0 
174.261 -1778.59 28.0672 0 
179.016 -1782.5 28.0804 0 
183.74 -1786.4 28.0698 0 
186.844 -1789.14 28.025 0 
191.348 -1792.89 27.9674 0 
195.995 -1796.72 27.6842 0 
200.568 -1800.55 27.2394 0 
205.095 -1804.44 26.5958 0 
209.642 -1808.24 25.8341 0 
214.235 -1812.07 24.8663 0 
218.762 -1815.87 23.9747 0 
223.297 -1819.68 23.0441 0 
227.826 -1823.5 22.11 0 
232.378 -1827.32 21.2115 0 
236.852 -1831.04 20.3663 0 
241.451 -1834.89 19.5528 0 
246.078 -1838.8 18.8234 0 
250.559 -1842.4 18.255 4 
255.121 -1846.34 17.963 4 
296.465 -1881.04 17.1127 4 
333.407 -1912.02 16.0981 4 
360.719 -1935.16 15.726 4 
374.313 -1947.03 15.7807 4 
387.628 -1958.78 15.7163 4 
391.886 -1963.05 15.6196 4 
396.091 -1967.46 15.5317 4 
404.136 -1976.39 15.3979 4 
416.024 -1989.54 15.27 4 
424.142 -1998.4 15.227 4 
432.251 -2007.28 15.2241 4 
436.605 -2011.45 15.2378 4 
441.157 -2015.11 15.2602 4 
446.137 -2018.24 15.3022 4 
451.571 -2020.92 15.3608 4 
457.171 -2022.9 15.4409 4 
462.997 -2024.33 15.5425 4 
468.944 -2025.06 15.6665 4 
474.867 -2025.26 15.8101 4 
480.962 -2024.75 15.977 4 
486.762 -2023.6 16.1558 4 
492.527 -2021.81 16.3525 4 
497.967 -2019.46 16.5542 4 
503.169 -2016.62 16.7651 4 
512.707 -2010.46 16.7745 4 
522.771 -2003.91 16.7745 0 
553.081 -1984.64 16.7745 0 
566.243 -1976.02 16.7745 0 
571.641 -1970.88 16.7745 0 
575.937 -1964.71 16.7745 0 
579.051 -1957.92 16.7745 0 
580.661 -1950.64 16.7745 0 
580.919 -1947.03 16.775 0 
580.864 -1943.3 16.7745 0 
580.433 -1939.65 16.7745 0 
579.64 -1935.98 16.7745 0 
578.491 -1932.45 16.7745 4 
577.005 -1929.04 16.7745 4 
575.308 -1925.76 16.7745 4 
573.215 -1922.56 16.7745 4 
568.102 -1917.22 16.7745 4 
562.13 -1912.84 16.7745 4 
558.807 -1911.07 16.775 4 
555.421 -1909.71 16.7745 4 
550.786 -1908.26 16.7887 4 
544.916 -1906.9 16.8079 4 
538.885 -1905.63 16.823 4 
533.01 -1905.1 16.8352 4 
526.93 -1905.19 16.9148 4 
521.043 -1906.21 16.99 4 
515.398 -1907.86 17.0589 4 
509.726 -1909.96 17.0955 4 
498.828 -1914.98 17.0423 4 
482.833 -1922.67 16.9016 4 
471.967 -1927.88 16.7879 4 
450.38 -1938.24 16.5208 4 
434.23 -1946.06 16.3875 4 
423.055 -1950.0 16.3167 4 
417.209 -1951.44 16.2722 4 
405.298 -1951.71 16.0818 4 
393.489 -1949.58 15.9456 4 
387.927 -1947.27 15.8017 4 
383.596 -1944.85 15.8554 4 
378.5 -1942.07 15.7406 4 
373.476 -1938.65 15.6889 4 
368.639 -1935.01 15.726 4 
258.38 -1842.35 17.9669 4 
253.907 -1838.68 18.2433 4 
249.383 -1834.86 18.8224 0 
244.697 -1831.01 19.5529 0 
240.188 -1827.19 20.3546 0 
231.109 -1819.56 22.1134 0 
222.063 -1811.93 23.9747 0 
217.559 -1808.14 24.8634 0 
212.975 -1804.34 25.8263 0 
208.425 -1800.51 26.5919 0 
203.803 -1796.68 27.2403 0 
199.245 -1792.85 27.6827 0 
194.708 -1788.95 27.9659 0 
190.104 -1785.18 28.0255 0 
187.019 -1782.59 28.1222 0 
182.289 -1778.62 28.1239 0 
177.536 -1774.67 28.1117 0 
172.816 -1770.7 28.1258 0 
168.093 -1766.57 28.1131 0 
163.44 -1762.45 28.1219 0 
158.944 -1758.27 28.116 0 
154.44 -1754.06 28.1229 0 
149.945 -1749.66 28.1268 0 
145.458 -1745.55 28.1327 0 
140.612 -1741.51 28.1336 0 
135.912 -1737.58 28.1336 0 
131.161 -1733.53 28.1317 0 
126.479 -1729.62 28.1268 0 
121.727 -1725.6 28.1268 0 
116.878 -1721.53 28.1283 0 
112.208 -1717.66 28.1278 0 
107.436 -1713.7 28.1268 1
102.72 -1709.74 28.1268 0 
99.8981 -1707.32 28.1268 0 
93.2014 -1701.88 28.1258 0 
88.1716 -1698.15 28.1229 0 
83.1082 -1694.49 28.1196 0 
78.8836 -1691.45 28.1304 0 
73.2464 -1687.13 28.311 0 
66.7845 -1681.68 28.2983 0 
57.3841 -1673.8 28.2983 0 
52.7454 -1669.9 28.3013 0 
48.0257 -1665.92 28.313 0 
43.368 -1662.03 28.3192 0 
38.6463 -1658.06 28.2983 0 
33.9819 -1654.16 28.2988 0 
29.1907 -1650.15 28.2983 0 
24.6146 -1646.29 28.2983 0 
19.8758 -1642.35 28.2983 0 
15.1824 -1638.4 28.2983 0 
10.5291 -1634.45 28.2983 0 
5.85187 -1630.53 28.2993 0 
1.12872 -1626.6 28.312 0 
-3.43964 -1622.75 28.2876 0 
-8.0451 -1618.91 28.27 0 
-13.0968 -1614.64 28.2515 0 
-17.2821 -1611.16 28.2373 0 
-25.4642 -1604.29 28.2983 0 
-33.8361 -1597.37 28.2967 0 
-40.5837 -1591.63 28.2544 0 
-43.2057 -1589.44 28.2456 0 
-48.1511 -1585.23 28.354 0 
-53.2868 -1580.94 28.6006 0 
-62.1041 -1573.61 29.3089 0 
-66.5587 -1569.79 29.7093 0 
-70.9824 -1566.09 30.1058 0 
-75.4558 -1562.37 30.5716 0 
-79.8143 -1558.66 31.0287 0 
-84.4904 -1554.78 31.4808 0 
-88.8536 -1551.13 31.8817 0 
-93.2648 -1547.44 32.2562 0 
-97.6613 -1543.67 32.5731 0 
-101.974 -1540.16 32.7909 0 
-106.293 -1536.57 32.8202 0 
-110.934 -1532.71 32.8822 0 
-116.057 -1528.47 32.9833 0 
-120.182 -1524.94 33.0536 0 
-124.231 -1521.5 33.1323 0 
-129.35 -1517.3 33.1234 0 
-133.95 -1513.37 33.183 0 
-138.487 -1509.57 33.2098 0 
-142.554 -1506.04 33.0156 0 
-146.945 -1502.36 32.7879 0 
-150.976 -1498.94 32.5365 0 
-155.694 -1495.03 32.2948 0 
-160.052 -1491.37 32.0508 0 
-164.542 -1487.58 31.7884 0 
-169.35 -1483.53 31.5267 0 
-173.413 -1480.14 31.2787 0 
-182.313 -1472.69 30.8499 0 
-186.863 -1468.84 30.6888 0 
-191.22 -1465.24 30.5873 0 
-195.684 -1461.42 30.5467 0 
-200.015 -1457.76 30.5438 0 
-204.613 -1453.93 30.5453 0 
-209.011 -1450.28 30.4086 0 
-213.578 -1446.42 30.4066 0 
-218.043 -1442.7 30.4017 0 
-222.453 -1438.96 30.3763 0 
-226.999 -1435.23 30.3432 0 
-231.244 -1431.59 30.3666 0 
-233.064 -1429.64 30.3588 0 
-235.081 -1427.57 30.349 0 
-238.592 -1423.22 30.3295 0 
-241.773 -1418.54 30.1947 0 
-243.053 -1416.13 30.16 0 
-244.371 -1413.69 30.1156 0 
-245.53 -1411.04 30.1166 0 
-246.617 -1408.53 30.121 0 
-247.547 -1405.85 30.1976 0 
-248.415 -1403.22 30.2748 0 
-249.015 -1400.55 30.2758 0 
-249.62 -1397.81 30.2767 0 
-249.985 -1395.03 30.2847 0 
-250.347 -1392.22 30.296 0 
-250.48 -1389.66 30.295 0 
-250.706 -1385.85 30.2955 0 
-250.904 -1380.07 30.295 0 
-251.042 -1374.4 30.296 0 
-251.117 -1368.58 30.296 0 
-251.216 -1362.78 30.2965 0 
-251.297 -1356.99 30.296 0 
-251.379 -1351.26 30.2955 0 
-251.388 -1345.52 30.296 0 
-251.423 -1339.74 30.296 0 
-251.405 -1334.21 30.3062 0 
-251.404 -1328.18 30.2955 0 
-251.399 -1322.46 30.296 0 
-251.406 -1316.36 30.3052 0 
-251.391 -1311.04 30.2945 0 
-251.404 -1304.86 30.2779 0 
-251.392 -1299.25 30.2896 0 
-251.409 -1293.58 30.2354 0 
-251.423 -1287.77 30.0552 0 
-251.409 -1281.91 29.8194 0 
-251.409 -1276.13 29.5338 0 
-251.423 -1270.35 29.2296 0 
-251.437 -1264.76 28.918 0 
-251.444 -1259.58 28.6444 0 
-251.462 -1254.42 28.3719 0 
-251.453 -1250.57 28.2235 0 
-251.427 -1246.62 28.1425 0 
-251.45 -1240.65 28.1425 0 
-251.41 -1234.68 28.1425 0 
-251.413 -1228.67 28.1425 0 
-251.589 -1222.64 28.1508 0 
-251.859 -1216.58 28.0809 0 
-252.234 -1209.88 28.1429 0 
-252.611 -1203.59 28.1425 0 
-252.727 -1197.13 28.1429 0 
-252.538 -1190.9 28.1439 0 
-251.403 -1172.79 28.16 0 
-249.391 -1140.78 28.1653 0 
-249.175 -1137.18 28.1665 0 
-248.805 -1133.38 28.1665 0 
-248.162 -1129.62 28.1665 0 
-247.251 -1125.91 28.1665 0 
-245.985 -1122.25 28.1634 0 
-244.107 -1116.94 28.1668 0 
-240.041 -1105.92 28.1668 0 
-238.006 -1100.49 28.1653 0 
-235.461 -1095.07 28.1619 0 
-232.891 -1089.58 28.1663 0 
-229.827 -1084.3 28.1437 0 
-226.706 -1079.04 28.1437 0 
-224.195 -1074.4 28.1658 0 
-222.528 -1071.04 28.1441 0 
-221.127 -1067.66 28.1644 0 
-219.087 -1062.68 28.3249 0 
-217.05 -1057.09 28.3244 0 
-214.969 -1051.32 28.3222 0 
-210.924 -1040.14 28.3215 0 
-206.78 -1028.9 28.3254 0 
-204.467 -1022.59 28.3222 1
-200.822 -1012.36 28.3245 0 
-198.659 -1005.76 28.1629 0 
-197.079 -999.509 28.1179 0 
-196.017 -993.186 27.9627 0 
-195.322 -988.311 27.7191 0 
-194.271 -982.295 27.3875 0 
-192.983 -976.695 26.9544 0 
-191.143 -971.02 26.428 0 
-189.064 -965.235 25.8148 0 
-174.56 -925.673 21.4891 0 
-168.557 -908.934 20.0276 4 
-167.025 -903.747 19.889 4 
-165.88 -898.668 19.7825 4 
-165.176 -893.587 19.6897 4 
-164.954 -888.418 19.6384 4 
-165.296 -883.133 19.6297 4 
-165.857 -878.017 19.639 4 
-166.888 -873.062 19.6395 4 
-168.57 -868.075 19.6395 4 
-171.647 -860.952 19.6395 4 
-173.421 -857.835 19.639 4 
-175.663 -854.324 19.6395 4 
-178.802 -850.157 19.6395 4 
-181.988 -846.462 19.3399 4 
-186.81 -840.846 18.6924 4 
-193.441 -832.875 17.7852 4 
-210.728 -812.142 15.4236 4 
-217.095 -804.707 14.7117 4 
-221.37 -798.76 14.6949 4 
-224.987 -792.343 14.6958 4 
-228.32 -783.244 14.6954 4 
-229.982 -773.774 14.6954 4 
-230.714 -763.635 14.6954 4 
-231.488 -753.723 14.6954 4 
-232.338 -748.709 14.6954 4 
-233.521 -743.411 14.6949 4 
-235.21 -738.079 14.6949 4 
-238.459 -730.788 14.6959 4 
-240.783 -726.708 14.6944 4 
-242.532 -724.037 14.6949 4 
-245.794 -719.629 14.695 4 
-249.44 -715.771 14.6959 4 
-253.388 -712.184 14.6955 4 
-257.691 -708.912 14.695 4 
-262.174 -706.05 14.6955 4 
-266.911 -703.518 14.6955 4 
-269.333 -702.397 14.6955 4 
-275.567 -700.112 14.6955 4 
-281.167 -698.161 14.6954 4 
-285.712 -696.477 14.4777 4 
-290.422 -694.681 14.0422 4 
-299.779 -691.312 13.1716 4 
-308.735 -688.083 12.3381 4 
-323.108 -682.885 11.0028 4 
-332.54 -679.392 10.1215 4 
-341.987 -675.935 9.89551 4 
-351.771 -672.545 9.89552 4 
-359.301 -670.633 9.89649 4 
-364.535 -669.715 9.89552 4 
-368.126 -669.296 9.89552 4 
-372.373 -668.991 9.89552 4 
-387.619 -668.788 9.89552 4 
-397.663 -668.824 9.89552 4 
-407.503 -668.781 9.89552 4 
-424.947 -668.832 9.89589 4 
-428.623 -668.753 9.89589 4 
-432.774 -668.137 9.8954 4 
-437.619 -667.173 9.89589 4 
-442.623 -666.356 9.89687 4 
-447.631 -665.781 9.89589 4 
-457.494 -665.457 9.89644 4 
-468.859 -665.539 9.89552 4 
-479.714 -665.579 9.89546 4 
-490.875 -665.557 9.89546 4 
-500.021 -665.582 9.89595 4 
-508.603 -665.622 9.89546 4 
-515.083 -665.622 9.89543 4 
-523.353 -665.612 9.89549 5
-532.6 -665.621 9.89595 4 
-545.262 -665.647 9.89586 4 
-552.663 -666.334 9.89586 4 
-556.377 -666.8 9.89586 4 
-560.209 -667.482 9.89586 4 
-563.55 -668.272 9.89586 4 
-567.698 -668.642 9.89586 4 
-573.658 -668.87 9.8945 4 
-582.668 -668.789 9.89552 4 
-607.556 -668.845 9.89552 4 
-617.611 -668.815 9.89552 4 
-625.512 -669.28 9.89552 4 
-633.585 -670.824 9.8965 4 
-638.836 -672.439 9.89552 4 
-641.817 -673.705 9.89552 4 
-646.113 -675.588 9.89552 4 
-660.724 -684.072 9.89552 4 
-669.814 -689.165 9.89597 4 
-676.241 -691.662 9.895 4 
-682.889 -693.441 9.895 4 
-690.465 -694.157 9.89695 4 
-707.211 -694.142 9.895 4 
-720.437 -694.088 9.895 4 
-737.261 -694.164 9.89499 4 
-747.265 -694.165 9.89402 4 
-757.671 -694.336 9.895 4 
-762.919 -695.093 9.895 4 
-771.286 -697.213 9.895 4 
-778.292 -699.917 9.895 4 
-787.221 -704.436 9.8955 4 
-790.284 -705.802 9.89501 4 
-795.756 -707.732 9.89501 4 
-800.252 -708.695 9.89501 4 
-804.895 -709.158 9.8955 4 
-807.276 -709.505 9.89598 4 
-814.519 -709.49 9.89501 4 
-839.647 -709.558 9.89156 4 
-844.38 -709.49 9.6743 4 
-848.015 -709.489 9.35668 4 
-854.257 -709.531 8.8105 4 
-884.052 -709.514 6.20304 4 
-897.156 -709.521 5.05656 4 
-924.15 -709.436 2.95862 4 
-931.587 -709.444 2.95808 4 
-939.167 -709.905 2.95808 4 
-951.443 -711.281 2.95808 4 
-956.888 -711.751 2.95808 4 
-964.33 -711.771 2.95801 4 
-983.982 -711.706 2.95801 4 
-991.382 -711.568 2.95802 4 
-998.415 -710.922 2.95753 4 
-1003.31 -709.957 2.95802 4 
-1007.85 -708.349 2.95753 4 
-1012.35 -706.601 2.95802 4 
-1015.7 -704.87 2.95802 4 
-1020.37 -701.884 2.95801 4 
-1026.39 -697.244 2.95801 4 
-1029.9 -693.708 2.95801 4 
-1033.09 -689.852 2.95801 4 
-1035.69 -686.092 2.95801 4 
-1046.73 -667.256 2.95802 4 
-1064.39 -636.583 2.958 4 
-1071.97 -623.536 2.95801 4 
-1077.6 -613.742 2.95802 4 
-1089.41 -593.209 2.95826 4 
-1094.12 -584.975 2.95801 4 
-1096.81 -580.352 2.95801 4 
-1099.66 -575.886 2.95801 4 
-1102.62 -571.918 2.95801 4 
-1106.26 -567.952 2.95849 4 
-1110.15 -564.444 2.95801 4 
-1114.1 -561.414 2.95801 4 
-1117.93 -558.909 2.95801 4 
-1123.09 -556.126 2.95848 4 
-1127.98 -554.036 2.95799 4 
-1132.89 -552.522 2.95848 4 
-1137.86 -551.335 2.95799 4 
-1143.22 -550.653 2.95799 4 
-1148.24 -550.465 2.95776 4 
-1158.06 -550.51 3.65793 4 
-1185.4 -550.529 6.04963 4 
-1202.92 -550.391 7.58253 4 
-1220.31 -550.516 9.10383 4 
-1253.01 -550.5 11.9652 4 
-1260.28 -550.46 12.6008 4 
-1267.76 -550.414 13.1305 4 
-1271.98 -550.317 13.1313 4 
-1275.32 -550.07 13.132 4 
-1279.75 -549.705 13.1315 4 
-1283.61 -549.051 13.131 4 
-1287.36 -548.139 13.1315 4 
-1290.94 -546.909 13.132 4 
-1294.29 -545.255 13.1315 4 
-1296.81 -543.718 13.1315 4 
-1300.42 -541.077 13.1313 4 
-1302.7 -539.132 13.1315 4 
-1305.82 -535.314 13.1325 4 
-1307.55 -532.68 13.1315 4 
-1309.94 -528.44 13.1318 4 
-1312.24 -523.926 13.1318 4 
-1313.13 -521.533 13.1318 4 
-1314.69 -516.651 13.1318 4 
-1318.45 -507.318 13.1318 4 
-1326.55 -493.058 13.1318 4 
-1339.34 -470.999 13.1316 4 
-1344.72 -461.821 13.1318 4 
-1349.8 -452.95 13.1321 4 
-1358.06 -438.633 13.1318 5
-1363.25 -429.563 13.1318 4 
-1366.0 -424.823 13.1328 4 
-1368.41 -420.909 13.1308 4 
-1370.78 -417.178 13.1308 4 
-1372.97 -413.462 13.1308 4 
-1374.77 -409.215 13.1308 4 
-1375.64 -404.694 13.1308 4 
-1375.88 -400.207 13.1308 4 
-1375.88 -396.012 13.1318 4 
-1375.78 -392.76 13.1306 4 
-1375.54 -389.316 13.1326 4 
-1375.07 -385.763 13.1316 4 
-1374.57 -383.609 13.1306 4 
-1373.99 -381.291 13.1316 4 
-1372.56 -376.851 13.1326 4 
-1370.82 -372.554 13.1326 4 
-1367.66 -366.535 13.1321 4 
-1366.2 -364.515 13.1321 4 
-1363.43 -360.866 13.1311 4 
-1359.53 -356.705 13.1316 4 
-1356.9 -354.345 13.1316 4 
-1354.04 -352.192 13.1318 4 
-1350.98 -350.182 13.1316 4 
-1347.39 -347.951 13.1311 4 
-1343.17 -345.932 13.1326 4 
-1338.86 -344.35 13.1316 4 
-1334.23 -343.131 13.1316 4 
-1332.0 -342.681 13.1316 4 
-1327.42 -342.076 13.1321 4 
-1307.77 -341.951 13.1317 4 
-1292.96 -342.023 13.1321 4 
-1240.78 -341.99 13.1316 4 
-1235.24 -341.872 13.1326 4 
-1229.94 -341.408 13.1316 4 
-1224.61 -340.422 13.1307 4 
-1221.6 -339.711 13.1316 4 
-1219.1 -339.054 13.1316 4 
-1215.78 -337.969 13.1316 4 
-1212.47 -336.539 13.1307 4 
-1209.42 -335.06 13.1316 4 
-1206.14 -333.214 13.1311 4 
-1193.82 -326.078 13.327 4 
-1185.11 -321.046 14.2044 4 
-1180.65 -318.483 14.6539 4 
-1163.4 -308.574 16.3944 4 
-1154.93 -303.652 17.2511 4 
-1150.57 -301.103 17.6927 4 
-1146.47 -298.767 18.0313 4 
-1141.22 -295.714 18.0368 4 
-1124.02 -285.886 17.9895 4 
-1111.78 -278.671 18.0368 4 
-1094.17 -268.564 17.6857 4 
-1077.09 -258.72 18.0363 4 
-1038.3 -236.4 18.0368 4 
-1033.8 -233.731 18.0363 4 
-1029.41 -231.165 18.0373 4 
-1025.16 -228.698 18.0363 4 
-1021.01 -226.548 18.0368 4 
-1018.95 -225.645 18.0368 4 
-1016.83 -224.795 18.0368 4 
-1015.01 -224.166 18.0368 4 
-1011.76 -223.251 18.0369 4 
-1007.77 -222.412 18.0369 4 
-1003.22 -221.765 18.0367 4 
-998.628 -221.581 18.0366 4 
-993.367 -221.591 18.0368 4 
-980.492 -221.568 18.0368 4 
-970.566 -221.591 18.0363 4 
-965.596 -221.586 18.0363 4 
-960.047 -220.957 18.0363 4 
-956.502 -220.41 18.0368 4 
-952.581 -219.544 18.0307 4 
-949.816 -218.719 18.0368 4 
-947.576 -217.864 18.0363 4 
-945.154 -216.964 18.0371 4 
-942.599 -215.802 18.0373 4 
-939.737 -214.395 18.0373 4 
-936.617 -212.643 18.0368 4 
-933.533 -210.762 18.0368 4 
-907.486 -195.741 18.0368 4 
-890.176 -185.852 18.0363 4 
-877.228 -178.397 18.0367 4 
-872.646 -176.298 18.0372 4 
-867.563 -174.674 18.0372 4 
-862.894 -172.889 18.0367 4 
-856.203 -169.769 18.0363 4 
-849.624 -166.243 18.0368 4 
-808.375 -142.262 18.0363 4 
-788.995 -131.128 18.0368 5
-771.731 -120.931 18.0368 4 
-763.751 -114.965 18.0368 4 
-760.078 -111.489 18.0368 4 
-756.044 -108.419 18.0368 4 
-750.883 -105.325 18.0369 4 
-744.629 -101.736 18.0364 4 
-739.016 -98.7158 18.0369 4 
-734.648 -96.9531 18.0369 4 
-728.849 -95.1686 18.0369 4 
-722.39 -94.0868 18.0369 4 
-715.63 -93.7238 18.0369 4 
-708.658 -93.6796 18.0374 4 
-701.883 -93.9851 18.0373 4 
-697.293 -94.5062 18.0368 4 
-694.063 -95.3319 18.0368 4 
-688.43 -96.9137 18.0368 4 
-682.572 -99.4576 18.0368 4 
-660.603 -112.119 18.0368 4 
-643.178 -122.251 18.0368 4 
-623.335 -133.374 18.0369 4 
-616.395 -136.806 18.0364 4 
-609.982 -139.528 18.0369 4 
-607.635 -140.528 18.0364 4 
-602.683 -142.988 18.0374 4 
-601.029 -143.968 18.0368 4 
-597.843 -145.736 17.8163 4 
-581.849 -155.009 16.2318 4 
-559.083 -168.137 13.9327 4 
-553.655 -171.241 13.3815 4 
-549.246 -173.75 13.0926 4 
-544.906 -176.271 13.0922 4 
-540.592 -178.756 13.0926 4 
-538.008 -180.267 13.0927 4 
-527.486 -186.377 13.0927 4 
-521.105 -190.092 13.0936 4 
-516.555 -192.16 13.0927 4 
-511.544 -194.016 13.0927 4 
-506.438 -195.354 13.0927 4 
-503.831 -195.882 13.0926 4 
-499.497 -196.41 13.0927 4 
-496.252 -196.663 13.0926 4 
-493.679 -196.721 13.0924 4 
-488.831 -196.742 12.7994 4 
-468.814 -196.749 11.0504 4 
-448.912 -196.736 9.3094 4 
-443.967 -196.734 8.87309 4 
-438.786 -196.63 8.42681 4 
-432.463 -196.727 8.1485 4 
-425.117 -196.816 8.1485 4 
-419.078 -196.745 8.14853 4 
-401.404 -196.816 8.14853 4 
-398.431 -196.982 8.14853 4 
-394.422 -197.538 8.14853 4 
-389.75 -198.523 8.14853 4 
-384.977 -200.019 8.14853 4 
-381.632 -201.444 8.1485 4 
-378.272 -203.017 8.14853 4 
-376.32 -204.104 8.16608 4 
-371.889 -206.635 8.14902 4 
-363.295 -211.744 8.14854 4 
-350.425 -219.102 8.14804 4 
-348.592 -220.214 8.1486 4 
-344.311 -223.115 8.1486 4 
-338.541 -227.434 8.1486 4 
-333.851 -230.812 8.1486 4 
-329.776 -233.508 8.1486 4 
-325.493 -236.032 8.1486 4 
-321.558 -238.52 8.1486 4 
-318.546 -240.853 8.1486 4 
-316.398 -242.639 8.1486 4 
-314.458 -244.491 8.1486 4 
-311.32 -247.916 8.1486 4 
-309.024 -250.875 8.1486 4 
-307.263 -253.492 8.1486 4 
-305.623 -256.183 8.14836 4 
-303.853 -259.562 8.14861 4 
-302.421 -264.17 8.14861 4 
-301.895 -267.34 8.14861 4 
-301.811 -270.621 8.14861 4 
-301.929 -274.982 8.14861 4 
-302.164 -281.874 8.14958 4 
-302.189 -288.182 8.14959 4 
-302.189 -296.998 8.14959 4 
-302.204 -312.024 8.14971 4 
-302.205 -322.391 8.14959 4 
-302.228 -334.301 8.14959 4 
-302.231 -344.879 8.14959 5
-302.231 -357.042 8.14959 4 
-302.204 -366.945 8.14959 4 
-302.123 -371.947 8.14955 4 
-302.014 -374.608 8.14857 4 
-301.531 -377.343 8.14857 4 
-300.222 -382.805 8.14857 4 
-298.884 -386.719 8.14857 4 
-297.206 -390.69 8.14857 4 
-295.923 -393.651 8.14857 4 
-293.457 -398.28 8.14808 4 
-290.703 -402.864 8.14857 4 
-287.828 -407.308 8.14904 4 
-286.291 -409.52 8.14856 4 
-284.674 -411.515 8.14856 4 
-281.553 -414.85 8.14831 4 
-278.916 -417.49 8.14856 4 
-275.872 -420.11 8.14831 4 
-272.695 -422.428 8.14904 4 
-268.104 -425.409 8.14854 4 
-250.708 -435.393 8.14855 4 
-243.636 -439.49 8.14843 4 
-238.062 -442.647 8.14855 4 
-229.161 -447.77 8.14905 4 
-226.056 -449.359 8.14857 4 
-222.44 -450.965 8.14857 4 
-216.918 -453.354 8.14857 4 
-210.745 -456.153 8.14857 4 
-206.367 -458.411 8.15094 4 
-201.784 -461.114 8.45636 4 
-188.886 -468.514 9.76593 4 
-176.082 -475.969 11.0616 4 
-170.394 -479.263 11.6372 4 
-163.108 -483.454 12.3746 4 
-147.593 -492.463 13.318 4 
-140.366 -496.577 13.7539 4 
-132.88 -500.87 14.2039 4 
-124.392 -505.716 14.8094 4 
-111.093 -513.324 16.1498 4 
-98.5128 -520.699 16.7526 4 
-93.9177 -523.112 16.7521 4 
-91.9357 -524.071 16.7516 4 
-89.0461 -525.43 16.7516 4 
-86.3957 -526.419 16.7521 4 
-83.6552 -527.236 16.7516 4 
-81.2994 -527.793 16.7516 4 
-78.1165 -528.323 16.7516 4 
-72.2642 -528.698 16.7516 4 
-68.4807 -528.728 16.7517 4 
-64.1503 -528.736 16.7522 4 
-47.5175 -528.818 16.7517 4 
-36.2605 -528.79 16.7515 4 
-27.2061 -528.751 16.7522 4 
-14.2173 -528.661 16.7522 4 
-7.7507 -528.923 16.7517 4 
-4.03375 -529.379 16.752 4 
-1.27335 -529.824 16.7517 4 
2.53543 -530.891 16.7517 4 
5.83734 -531.925 16.7512 4 
9.1951 -533.234 16.7517 4 
12.1679 -534.653 16.7517 4 
14.3279 -535.871 16.7517 4 
18.6074 -538.288 16.7517 4 
21.4955 -539.752 16.752 4 
25.0851 -541.417 16.7517 4 
30.5298 -543.742 16.7517 4 
36.7897 -546.517 16.7517 4 
41.2591 -548.835 16.7517 4 
49.9128 -553.894 16.7517 4 
62.9285 -561.385 16.7517 4 
71.8043 -566.512 16.7517 4 
80.9598 -571.768 16.7518 4 
85.1172 -574.201 16.7517 4 
89.1477 -576.52 16.7519 4 
93.1083 -578.882 16.7514 4 
98.2072 -582.246 16.8105 4 
103.201 -585.737 16.757 4 
111.308 -591.703 16.757 4 
113.843 -593.312 16.7567 4 
118.508 -595.991 16.7567 4 
122.952 -598.34 16.757 4 
128.119 -600.38 16.757 4 
132.933 -602.001 16.7697 4 
136.381 -602.813 16.7706 4 
141.515 -603.545 16.7706 4 
147.043 -604.177 16.7726 4 
159.383 -604.249 16.757 4 
161.376 -604.25 16.7568 4 
164.226 -604.242 16.7567 4 
169.352 -604.219 16.7568 4 
174.042 -604.19 16.7568 4 
187.822 -604.086 16.7314 4 
193.196 -603.836 16.7565 4 
